Trying to load config file configs/gaus.toml but it doesnt exist
{'toml': 'configs/gaus.toml', 'experiment': None, 'layer': 3, 'feature': 0, 'target': 0, 'seed': 6247423, 'grid': 1.0, 'lr': 0.1, 'network': 35, 'patch': 16, 'sign': 1, 'method': 'in_feat', 'dir': None, 'exp_no': '1642470764'}
Loaded pretrained weights.
#i	Loss	VTE	TV
Trying to load config file configs/gaus.toml but it doesnt exist
{'toml': 'configs/gaus.toml', 'experiment': None, 'layer': 3, 'feature': 0, 'target': 0, 'seed': 6247423, 'grid': 10.0, 'lr': 0.1, 'network': 35, 'patch': 16, 'sign': 1, 'method': 'in_feat', 'dir': None, 'exp_no': '1642470764'}
Loaded pretrained weights.
#i	Loss	VTE	TV
0	0.38	0.01(0.01)	0.38(755)
0	0.38	0.01(0.01)	0.38(755)
Trying to load config file configs/gaus.toml but it doesnt exist
{'toml': 'configs/gaus.toml', 'experiment': None, 'layer': 3, 'feature': 0, 'target': 0, 'seed': 6247423, 'grid': 0.1, 'lr': 0.1, 'network': 35, 'patch': 16, 'sign': 1, 'method': 'in_feat', 'dir': None, 'exp_no': '1642470764'}
Loaded pretrained weights.
#i	Loss	VTE	TV
Trying to load config file configs/gaus.toml but it doesnt exist
{'toml': 'configs/gaus.toml', 'experiment': None, 'layer': 3, 'feature': 0, 'target': 0, 'seed': 6247423, 'grid': 100.0, 'lr': 0.1, 'network': 35, 'patch': 16, 'sign': 1, 'method': 'in_feat', 'dir': None, 'exp_no': '1642470764'}
Loaded pretrained weights.
#i	Loss	VTE	TV
0	0.38	0.01(0.01)	0.38(755)
0	0.38	0.01(0.01)	0.38(755)
10	0.2	-0.02(-0.02)	0.22(449)
10	0.2	-0.02(-0.02)	0.22(449)
10	0.2	-0.02(-0.02)	0.22(449)
10	0.2	-0.02(-0.02)	0.22(449)
20	0.32	-0.02(-0.02)	0.34(683)
20	0.32	-0.02(-0.02)	0.34(683)
20	0.32	-0.02(-0.02)	0.34(683)
20	0.32	-0.02(-0.02)	0.34(683)
30	0.23	-0.04(-0.04)	0.27(541)
30	0.23	-0.04(-0.04)	0.27(541)
30	0.23	-0.04(-0.04)	0.27(541)
30	0.23	-0.04(-0.04)	0.27(541)
40	0.31	-0.03(-0.03)	0.34(676)
40	0.31	-0.03(-0.03)	0.34(676)
40	0.31	-0.03(-0.03)	0.34(676)
40	0.31	-0.03(-0.03)	0.34(676)
50	0.26	-0.03(-0.03)	0.29(577)
50	0.26	-0.03(-0.03)	0.29(577)
50	0.26	-0.03(-0.03)	0.29(577)
50	0.26	-0.03(-0.03)	0.29(577)
60	0.27	0.01(0.01)	0.27(536)
60	0.27	0.01(0.01)	0.27(536)
60	0.27	0.01(0.01)	0.27(536)
60	0.27	0.01(0.01)	0.27(536)
70	0.23	-0.01(-0.01)	0.24(472)
70	0.23	-0.01(-0.01)	0.24(472)
70	0.23	-0.01(-0.01)	0.24(472)
70	0.23	-0.01(-0.01)	0.24(472)
80	0.21	-0.01(-0.01)	0.22(446)
80	0.21	-0.01(-0.01)	0.22(446)
80	0.21	-0.01(-0.01)	0.22(446)
80	0.21	-0.01(-0.01)	0.22(446)
90	0.24	-0.0(-0.0)	0.24(482)
90	0.24	-0.0(-0.0)	0.24(482)
90	0.24	-0.0(-0.0)	0.24(482)
90	0.24	-0.0(-0.0)	0.24(482)
100	0.18	-0.02(-0.02)	0.2(395)
100	0.18	-0.02(-0.02)	0.2(395)
100	0.18	-0.02(-0.02)	0.2(395)
100	0.18	-0.02(-0.02)	0.2(395)
110	0.22	0.0(0.0)	0.22(441)
110	0.22	0.0(0.0)	0.22(441)
110	0.22	0.0(0.0)	0.22(441)
110	0.22	0.0(0.0)	0.22(441)
120	0.26	-0.03(-0.03)	0.29(585)
120	0.26	-0.03(-0.03)	0.29(585)
120	0.26	-0.03(-0.03)	0.29(585)
120	0.26	-0.03(-0.03)	0.29(585)
130	0.17	-0.04(-0.04)	0.22(431)
130	0.17	-0.04(-0.04)	0.22(431)
130	0.17	-0.04(-0.04)	0.22(431)
130	0.17	-0.04(-0.04)	0.22(431)
140	0.16	-0.06(-0.06)	0.21(424)
140	0.16	-0.06(-0.06)	0.21(424)
140	0.16	-0.06(-0.06)	0.21(424)
140	0.16	-0.06(-0.06)	0.21(424)
150	0.2	-0.03(-0.03)	0.23(453)
150	0.2	-0.03(-0.03)	0.23(453)
150	0.2	-0.03(-0.03)	0.23(453)
150	0.2	-0.03(-0.03)	0.23(453)
160	0.17	-0.04(-0.04)	0.21(425)
160	0.17	-0.04(-0.04)	0.21(425)
160	0.17	-0.04(-0.04)	0.21(425)
160	0.17	-0.04(-0.04)	0.21(425)
170	0.17	-0.03(-0.03)	0.21(412)
170	0.17	-0.03(-0.03)	0.21(412)
170	0.17	-0.03(-0.03)	0.21(412)
170	0.17	-0.03(-0.03)	0.21(412)
180	0.19	-0.0(-0.0)	0.2(391)
180	0.19	-0.0(-0.0)	0.2(391)
180	0.19	-0.0(-0.0)	0.2(391)
180	0.19	-0.0(-0.0)	0.2(391)
190	0.1	-0.08(-0.08)	0.18(362)
190	0.1	-0.08(-0.08)	0.18(362)
190	0.1	-0.08(-0.08)	0.18(362)
190	0.1	-0.08(-0.08)	0.18(362)
200	0.09	-0.09(-0.09)	0.18(364)
200	0.09	-0.09(-0.09)	0.18(364)
200	0.09	-0.09(-0.09)	0.18(364)
200	0.09	-0.09(-0.09)	0.18(364)
210	0.06	-0.07(-0.07)	0.12(246)
210	0.06	-0.07(-0.07)	0.12(246)
210	0.06	-0.07(-0.07)	0.12(246)
210	0.06	-0.07(-0.07)	0.12(246)
220	0.14	-0.01(-0.01)	0.16(315)
220	0.14	-0.01(-0.01)	0.16(315)
220	0.14	-0.01(-0.01)	0.16(315)
220	0.14	-0.01(-0.01)	0.16(315)
230	0.18	-0.0(-0.0)	0.18(359)
230	0.18	-0.0(-0.0)	0.18(359)
230	0.18	-0.0(-0.0)	0.18(359)
230	0.18	-0.0(-0.0)	0.18(359)
240	0.07	-0.05(-0.05)	0.12(240)
240	0.07	-0.05(-0.05)	0.12(240)
240	0.07	-0.05(-0.05)	0.12(240)
240	0.07	-0.05(-0.05)	0.12(240)
250	0.09	-0.06(-0.06)	0.16(310)
250	0.09	-0.06(-0.06)	0.16(310)
250	0.09	-0.06(-0.06)	0.16(310)
250	0.09	-0.06(-0.06)	0.16(310)
260	0.1	-0.04(-0.04)	0.14(273)
260	0.1	-0.04(-0.04)	0.14(273)
260	0.1	-0.04(-0.04)	0.14(273)
260	0.1	-0.04(-0.04)	0.14(273)
270	0.07	-0.05(-0.05)	0.12(247)
270	0.07	-0.05(-0.05)	0.12(247)
270	0.07	-0.05(-0.05)	0.12(247)
270	0.07	-0.05(-0.05)	0.12(247)
280	0.09	-0.03(-0.03)	0.12(247)
280	0.09	-0.03(-0.03)	0.12(247)
280	0.09	-0.03(-0.03)	0.12(247)
280	0.09	-0.03(-0.03)	0.12(247)
290	0.01	-0.08(-0.08)	0.09(170)
290	0.01	-0.08(-0.08)	0.09(170)
290	0.01	-0.08(-0.08)	0.09(170)
290	0.01	-0.08(-0.08)	0.09(170)
300	0.07	-0.05(-0.05)	0.11(226)
300	0.07	-0.05(-0.05)	0.11(226)
300	0.07	-0.05(-0.05)	0.11(226)
300	0.07	-0.05(-0.05)	0.11(226)
310	-0.01	-0.08(-0.08)	0.07(136)
310	-0.01	-0.08(-0.08)	0.07(136)
310	-0.01	-0.08(-0.08)	0.07(136)
310	-0.01	-0.08(-0.08)	0.07(136)
320	-0.0	-0.08(-0.08)	0.08(165)
320	-0.0	-0.08(-0.08)	0.08(165)
320	-0.0	-0.08(-0.08)	0.08(165)
320	-0.0	-0.08(-0.08)	0.08(165)
330	0.04	-0.04(-0.04)	0.08(169)
330	0.04	-0.04(-0.04)	0.08(169)
330	0.04	-0.04(-0.04)	0.08(169)
330	0.04	-0.04(-0.04)	0.08(169)
340	-0.01	-0.08(-0.08)	0.07(131)
340	-0.01	-0.08(-0.08)	0.07(131)
340	-0.01	-0.08(-0.08)	0.07(131)
340	-0.01	-0.08(-0.08)	0.07(131)
350	-0.03	-0.1(-0.1)	0.07(138)
350	-0.03	-0.1(-0.1)	0.07(138)
350	-0.03	-0.1(-0.1)	0.07(138)
350	-0.03	-0.1(-0.1)	0.07(138)
360	-0.02	-0.07(-0.07)	0.06(118)
360	-0.02	-0.07(-0.07)	0.06(118)
360	-0.02	-0.07(-0.07)	0.06(118)
360	-0.02	-0.07(-0.07)	0.06(118)
370	-0.03	-0.08(-0.08)	0.05(98.2)
370	-0.03	-0.08(-0.08)	0.05(98.2)
370	-0.03	-0.08(-0.08)	0.05(98.2)
370	-0.03	-0.08(-0.08)	0.05(98.2)
380	-0.07	-0.1(-0.1)	0.03(68.7)
380	-0.07	-0.1(-0.1)	0.03(68.7)
380	-0.07	-0.1(-0.1)	0.03(68.7)
380	-0.07	-0.1(-0.1)	0.03(68.7)
390	-0.05	-0.1(-0.1)	0.05(106)
390	-0.05	-0.1(-0.1)	0.05(106)
390	-0.05	-0.1(-0.1)	0.05(106)
390	-0.05	-0.1(-0.1)	0.05(106)
400	-0.0	-0.04(-0.04)	0.04(76.0)
400	-0.0	-0.04(-0.04)	0.04(76.0)
400	-0.0	-0.04(-0.04)	0.04(76.0)
400	-0.0	-0.04(-0.04)	0.04(76.0)
Trying to load config file configs/gaus.toml but it doesnt exist
{'toml': 'configs/gaus.toml', 'experiment': None, 'layer': 6, 'feature': 0, 'target': 0, 'seed': 6247423, 'grid': 100.0, 'lr': 0.1, 'network': 35, 'patch': 16, 'sign': 1, 'method': 'in_feat', 'dir': None, 'exp_no': '1642470765'}
Loaded pretrained weights.
#i	Loss	VTE	TV
0	0.38	0.01(0.01)	0.38(755)
Trying to load config file configs/gaus.toml but it doesnt exist
{'toml': 'configs/gaus.toml', 'experiment': None, 'layer': 6, 'feature': 0, 'target': 0, 'seed': 6247423, 'grid': 10.0, 'lr': 0.1, 'network': 35, 'patch': 16, 'sign': 1, 'method': 'in_feat', 'dir': None, 'exp_no': '1642470766'}
Loaded pretrained weights.
#i	Loss	VTE	TV
Trying to load config file configs/gaus.toml but it doesnt exist
{'toml': 'configs/gaus.toml', 'experiment': None, 'layer': 3, 'feature': 0, 'target': 0, 'seed': 6247423, 'grid': 0.01, 'lr': 0.1, 'network': 35, 'patch': 16, 'sign': 1, 'method': 'in_feat', 'dir': None, 'exp_no': '1642470767'}
Loaded pretrained weights.
#i	Loss	VTE	TV
Trying to load config file configs/gaus.toml but it doesnt exist
{'toml': 'configs/gaus.toml', 'experiment': None, 'layer': 6, 'feature': 0, 'target': 0, 'seed': 6247423, 'grid': 1.0, 'lr': 0.1, 'network': 35, 'patch': 16, 'sign': 1, 'method': 'in_feat', 'dir': None, 'exp_no': '1642470768'}
Loaded pretrained weights.
#i	Loss	VTE	TV
0	0.38	0.01(0.01)	0.38(755)
0	0.38	0.01(0.01)	0.38(755)
0	0.38	0.01(0.01)	0.38(755)
10	0.2	-0.02(-0.02)	0.22(446)
10	0.2	-0.02(-0.02)	0.22(446)
10	0.2	-0.02(-0.02)	0.22(449)
10	0.2	-0.02(-0.02)	0.22(446)
20	0.4	-0.01(-0.01)	0.41(818)
20	0.4	-0.01(-0.01)	0.41(818)
20	0.32	-0.02(-0.02)	0.34(683)
20	0.4	-0.01(-0.01)	0.41(818)
30	0.26	-0.02(-0.02)	0.28(556)
30	0.26	-0.02(-0.02)	0.28(556)
30	0.23	-0.04(-0.04)	0.27(541)
30	0.26	-0.02(-0.02)	0.28(556)
40	0.29	-0.03(-0.03)	0.32(642)
40	0.29	-0.03(-0.03)	0.32(642)
40	0.31	-0.03(-0.03)	0.34(676)
40	0.29	-0.03(-0.03)	0.32(642)
50	0.34	-0.01(-0.01)	0.35(693)
50	0.26	-0.03(-0.03)	0.29(577)
50	0.34	-0.01(-0.01)	0.35(693)
50	0.34	-0.01(-0.01)	0.35(693)
60	0.27	0.01(0.01)	0.26(528)
60	0.27	0.01(0.01)	0.27(536)
60	0.27	0.01(0.01)	0.26(528)
60	0.27	0.01(0.01)	0.26(528)
70	0.23	-0.03(-0.03)	0.26(526)
70	0.23	-0.01(-0.01)	0.24(472)
70	0.23	-0.03(-0.03)	0.26(526)
70	0.23	-0.03(-0.03)	0.26(526)
80	0.28	-0.01(-0.01)	0.29(584)
80	0.21	-0.01(-0.01)	0.22(446)
80	0.28	-0.01(-0.01)	0.29(584)
80	0.28	-0.01(-0.01)	0.29(584)
90	0.25	-0.02(-0.02)	0.27(540)
90	0.24	-0.0(-0.0)	0.24(482)
90	0.25	-0.02(-0.02)	0.27(540)
90	0.25	-0.02(-0.02)	0.27(540)
100	0.23	-0.02(-0.02)	0.25(496)
100	0.18	-0.02(-0.02)	0.2(395)
100	0.23	-0.02(-0.02)	0.25(496)
100	0.23	-0.02(-0.02)	0.25(496)
110	0.22	-0.02(-0.02)	0.25(493)
110	0.22	0.0(0.0)	0.22(441)
110	0.22	-0.02(-0.02)	0.25(493)
110	0.22	-0.02(-0.02)	0.25(493)
120	0.27	-0.02(-0.02)	0.3(592)
120	0.26	-0.03(-0.03)	0.29(585)
120	0.27	-0.02(-0.02)	0.3(592)
120	0.27	-0.02(-0.02)	0.3(592)
130	0.21	-0.04(-0.04)	0.25(500)
130	0.17	-0.04(-0.04)	0.22(431)
130	0.21	-0.04(-0.04)	0.25(500)
130	0.21	-0.04(-0.04)	0.25(500)
140	0.22	-0.04(-0.04)	0.26(523)
140	0.16	-0.06(-0.06)	0.21(424)
140	0.22	-0.04(-0.04)	0.26(523)
140	0.22	-0.04(-0.04)	0.26(523)
150	0.26	-0.03(-0.03)	0.29(572)
150	0.2	-0.03(-0.03)	0.23(453)
150	0.26	-0.03(-0.03)	0.29(572)
150	0.26	-0.03(-0.03)	0.29(572)
160	0.19	-0.04(-0.04)	0.24(472)
160	0.17	-0.04(-0.04)	0.21(425)
160	0.19	-0.04(-0.04)	0.24(472)
160	0.19	-0.04(-0.04)	0.24(472)
170	0.16	-0.04(-0.04)	0.2(399)
170	0.17	-0.03(-0.03)	0.21(412)
170	0.16	-0.04(-0.04)	0.2(399)
170	0.16	-0.04(-0.04)	0.2(399)
180	0.22	-0.02(-0.02)	0.25(492)
180	0.19	-0.0(-0.0)	0.2(391)
180	0.22	-0.02(-0.02)	0.25(492)
180	0.22	-0.02(-0.02)	0.25(492)
190	0.16	-0.07(-0.07)	0.23(467)
190	0.1	-0.08(-0.08)	0.18(362)
190	0.16	-0.07(-0.07)	0.23(467)
190	0.16	-0.07(-0.07)	0.23(467)
200	0.16	-0.09(-0.09)	0.26(511)
200	0.09	-0.09(-0.09)	0.18(364)
200	0.16	-0.09(-0.09)	0.26(511)
200	0.16	-0.09(-0.09)	0.26(511)
210	0.09	-0.06(-0.06)	0.15(295)
210	0.06	-0.07(-0.07)	0.12(246)
210	0.09	-0.06(-0.06)	0.15(295)
210	0.09	-0.06(-0.06)	0.15(295)
220	0.16	-0.03(-0.03)	0.18(366)
220	0.14	-0.01(-0.01)	0.16(315)
220	0.16	-0.03(-0.03)	0.18(366)
220	0.16	-0.03(-0.03)	0.18(366)
230	0.28	-0.0(-0.0)	0.28(556)
230	0.18	-0.0(-0.0)	0.18(359)
230	0.28	-0.0(-0.0)	0.28(556)
230	0.28	-0.0(-0.0)	0.28(556)
240	0.11	-0.07(-0.07)	0.18(351)
240	0.07	-0.05(-0.05)	0.12(240)
240	0.11	-0.07(-0.07)	0.18(351)
240	0.11	-0.07(-0.07)	0.18(351)
250	0.18	-0.06(-0.06)	0.23(461)
250	0.09	-0.06(-0.06)	0.16(310)
250	0.18	-0.06(-0.06)	0.23(461)
250	0.18	-0.06(-0.06)	0.23(461)
260	0.1	-0.04(-0.04)	0.14(273)
260	0.17	-0.05(-0.05)	0.22(432)
260	0.17	-0.05(-0.05)	0.22(432)
260	0.17	-0.05(-0.05)	0.22(432)
270	0.07	-0.05(-0.05)	0.12(247)
270	0.13	-0.06(-0.06)	0.19(378)
270	0.13	-0.06(-0.06)	0.19(378)
270	0.13	-0.06(-0.06)	0.19(378)
280	0.09	-0.03(-0.03)	0.12(247)
280	0.14	-0.05(-0.05)	0.19(389)
280	0.14	-0.05(-0.05)	0.19(389)
280	0.14	-0.05(-0.05)	0.19(389)
290	0.01	-0.08(-0.08)	0.09(170)
290	0.06	-0.1(-0.1)	0.15(309)
290	0.06	-0.1(-0.1)	0.15(309)
290	0.06	-0.1(-0.1)	0.15(309)
300	0.07	-0.05(-0.05)	0.11(226)
300	0.08	-0.07(-0.07)	0.15(291)
300	0.08	-0.07(-0.07)	0.15(291)
300	0.08	-0.07(-0.07)	0.15(291)
310	-0.01	-0.08(-0.08)	0.07(136)
310	0.02	-0.1(-0.1)	0.12(240)
310	0.02	-0.1(-0.1)	0.12(240)
310	0.02	-0.1(-0.1)	0.12(240)
320	-0.0	-0.08(-0.08)	0.08(165)
320	0.04	-0.1(-0.1)	0.14(284)
320	0.04	-0.1(-0.1)	0.14(284)
320	0.04	-0.1(-0.1)	0.14(284)
330	0.04	-0.04(-0.04)	0.08(169)
330	0.04	-0.09(-0.09)	0.13(258)
330	0.04	-0.09(-0.09)	0.13(258)
340	-0.01	-0.08(-0.08)	0.07(131)
330	0.04	-0.09(-0.09)	0.13(258)
340	-0.01	-0.12(-0.12)	0.11(211)
340	-0.01	-0.12(-0.12)	0.11(211)
350	-0.03	-0.1(-0.1)	0.07(138)
340	-0.01	-0.12(-0.12)	0.11(211)
350	-0.05	-0.14(-0.14)	0.09(181)
350	-0.05	-0.14(-0.14)	0.09(181)
360	-0.02	-0.07(-0.07)	0.06(118)
350	-0.05	-0.14(-0.14)	0.09(181)
360	-0.04	-0.13(-0.13)	0.09(170)
360	-0.04	-0.13(-0.13)	0.09(170)
370	-0.03	-0.08(-0.08)	0.05(98.2)
360	-0.04	-0.13(-0.13)	0.09(170)
370	-0.08	-0.14(-0.14)	0.06(119)
370	-0.08	-0.14(-0.14)	0.06(119)
380	-0.07	-0.1(-0.1)	0.03(68.7)
370	-0.08	-0.14(-0.14)	0.06(119)
380	-0.14	-0.18(-0.18)	0.04(75.3)
380	-0.14	-0.18(-0.18)	0.04(75.3)
390	-0.05	-0.1(-0.1)	0.05(106)
380	-0.14	-0.18(-0.18)	0.04(75.3)
390	-0.11	-0.16(-0.16)	0.06(115)
390	-0.11	-0.16(-0.16)	0.06(115)
400	-0.0	-0.04(-0.04)	0.04(76.0)
390	-0.11	-0.16(-0.16)	0.06(115)
400	-0.03	-0.07(-0.07)	0.04(83.6)
400	-0.03	-0.07(-0.07)	0.04(83.6)
400	-0.03	-0.07(-0.07)	0.04(83.6)
Trying to load config file configs/gaus.toml but it doesnt exist
{'toml': 'configs/gaus.toml', 'experiment': None, 'layer': 6, 'feature': 0, 'target': 0, 'seed': 6247423, 'grid': 0.01, 'lr': 0.1, 'network': 35, 'patch': 16, 'sign': 1, 'method': 'in_feat', 'dir': None, 'exp_no': '1642470769'}
Loaded pretrained weights.
#i	Loss	VTE	TV
Trying to load config file configs/gaus.toml but it doesnt exist
{'toml': 'configs/gaus.toml', 'experiment': None, 'layer': 9, 'feature': 0, 'target': 0, 'seed': 6247423, 'grid': 100.0, 'lr': 0.1, 'network': 35, 'patch': 16, 'sign': 1, 'method': 'in_feat', 'dir': None, 'exp_no': '1642470769'}
Loaded pretrained weights.
#i	Loss	VTE	TV
0	0.38	0.01(0.01)	0.38(755)
Trying to load config file configs/gaus.toml but it doesnt exist
{'toml': 'configs/gaus.toml', 'experiment': None, 'layer': 9, 'feature': 0, 'target': 0, 'seed': 6247423, 'grid': 10.0, 'lr': 0.1, 'network': 35, 'patch': 16, 'sign': 1, 'method': 'in_feat', 'dir': None, 'exp_no': '1642470769'}
Loaded pretrained weights.
#i	Loss	VTE	TV
Trying to load config file configs/gaus.toml but it doesnt exist
{'toml': 'configs/gaus.toml', 'experiment': None, 'layer': 6, 'feature': 0, 'target': 0, 'seed': 6247423, 'grid': 0.1, 'lr': 0.1, 'network': 35, 'patch': 16, 'sign': 1, 'method': 'in_feat', 'dir': None, 'exp_no': '1642470769'}
Loaded pretrained weights.
#i	Loss	VTE	TV
0	0.34	-0.03(-0.03)	0.38(755)
0	0.34	-0.03(-0.03)	0.38(755)
0	0.38	0.01(0.01)	0.38(755)
10	0.2	-0.02(-0.02)	0.22(446)
10	0.2	-0.02(-0.02)	0.23(455)
10	0.2	-0.02(-0.02)	0.22(446)
10	0.2	-0.02(-0.02)	0.23(455)
20	0.4	-0.01(-0.01)	0.41(818)
20	0.4	-0.01(-0.01)	0.41(818)
20	0.32	-0.01(-0.01)	0.33(653)
20	0.32	-0.01(-0.01)	0.33(653)
30	0.26	-0.02(-0.02)	0.28(556)
30	0.26	-0.02(-0.02)	0.28(556)
30	0.26	-0.03(-0.03)	0.28(567)
30	0.26	-0.03(-0.03)	0.28(567)
40	0.29	-0.03(-0.03)	0.32(642)
40	0.29	-0.03(-0.03)	0.32(642)
40	0.32	-0.02(-0.02)	0.34(676)
40	0.32	-0.02(-0.02)	0.34(676)
50	0.34	-0.01(-0.01)	0.35(693)
50	0.34	-0.01(-0.01)	0.35(693)
50	0.26	-0.04(-0.04)	0.3(607)
50	0.26	-0.04(-0.04)	0.3(607)
60	0.27	0.01(0.01)	0.26(528)
60	0.27	0.01(0.01)	0.26(528)
60	0.32	0.0(0.0)	0.32(641)
60	0.32	0.0(0.0)	0.32(641)
70	0.23	-0.03(-0.03)	0.26(526)
70	0.23	-0.03(-0.03)	0.26(526)
70	0.27	-0.02(-0.02)	0.29(578)
70	0.27	-0.02(-0.02)	0.29(578)
80	0.28	-0.01(-0.01)	0.29(584)
80	0.28	-0.01(-0.01)	0.29(584)
80	0.26	-0.02(-0.02)	0.28(552)
80	0.26	-0.02(-0.02)	0.28(552)
90	0.25	-0.02(-0.02)	0.27(540)
90	0.25	-0.02(-0.02)	0.27(540)
90	0.26	-0.02(-0.02)	0.28(565)
90	0.26	-0.02(-0.02)	0.28(565)
100	0.23	-0.02(-0.02)	0.25(496)
100	0.23	-0.02(-0.02)	0.25(496)
100	0.22	-0.02(-0.02)	0.24(487)
100	0.22	-0.02(-0.02)	0.24(487)
110	0.22	-0.02(-0.02)	0.25(493)
110	0.22	-0.02(-0.02)	0.25(493)
110	0.28	-0.02(-0.02)	0.29(585)
110	0.28	-0.02(-0.02)	0.29(585)
120	0.27	-0.02(-0.02)	0.3(592)
120	0.27	-0.02(-0.02)	0.3(592)
120	0.31	-0.01(-0.01)	0.32(644)
120	0.31	-0.01(-0.01)	0.32(644)
130	0.21	-0.04(-0.04)	0.25(500)
130	0.21	-0.04(-0.04)	0.25(500)
130	0.26	-0.01(-0.01)	0.27(532)
130	0.26	-0.01(-0.01)	0.27(532)
140	0.22	-0.04(-0.04)	0.26(523)
140	0.22	-0.04(-0.04)	0.26(523)
140	0.22	-0.04(-0.04)	0.26(513)
140	0.22	-0.04(-0.04)	0.26(513)
150	0.26	-0.03(-0.03)	0.29(572)
150	0.26	-0.03(-0.03)	0.29(572)
150	0.24	-0.04(-0.04)	0.27(548)
150	0.24	-0.04(-0.04)	0.27(548)
160	0.19	-0.04(-0.04)	0.24(472)
160	0.19	-0.04(-0.04)	0.24(472)
160	0.25	-0.03(-0.03)	0.28(557)
160	0.25	-0.03(-0.03)	0.28(557)
170	0.16	-0.04(-0.04)	0.2(399)
170	0.16	-0.04(-0.04)	0.2(399)
170	0.14	-0.05(-0.05)	0.19(372)
170	0.14	-0.05(-0.05)	0.19(372)
180	0.22	-0.02(-0.02)	0.25(492)
180	0.22	-0.02(-0.02)	0.25(492)
180	0.23	-0.01(-0.01)	0.24(486)
180	0.23	-0.01(-0.01)	0.24(486)
190	0.16	-0.07(-0.07)	0.23(467)
190	0.16	-0.07(-0.07)	0.23(467)
190	0.13	-0.09(-0.09)	0.22(446)
190	0.13	-0.09(-0.09)	0.22(446)
200	0.16	-0.09(-0.09)	0.26(511)
200	0.16	-0.09(-0.09)	0.26(511)
200	0.14	-0.1(-0.1)	0.24(480)
200	0.14	-0.1(-0.1)	0.24(480)
210	0.09	-0.06(-0.06)	0.15(295)
210	0.09	-0.06(-0.06)	0.15(295)
210	0.11	-0.05(-0.05)	0.16(324)
210	0.11	-0.05(-0.05)	0.16(324)
220	0.16	-0.03(-0.03)	0.18(366)
220	0.16	-0.03(-0.03)	0.18(366)
220	0.19	-0.04(-0.04)	0.23(456)
220	0.19	-0.04(-0.04)	0.23(456)
230	0.28	-0.0(-0.0)	0.28(556)
230	0.28	-0.0(-0.0)	0.28(556)
230	0.24	-0.01(-0.01)	0.26(515)
240	0.11	-0.07(-0.07)	0.18(351)
230	0.24	-0.01(-0.01)	0.26(515)
240	0.11	-0.07(-0.07)	0.18(351)
240	0.13	-0.06(-0.06)	0.19(387)
250	0.18	-0.06(-0.06)	0.23(461)
240	0.13	-0.06(-0.06)	0.19(387)
250	0.18	-0.06(-0.06)	0.23(461)
250	0.17	-0.06(-0.06)	0.23(469)
260	0.17	-0.05(-0.05)	0.22(432)
250	0.17	-0.06(-0.06)	0.23(469)
260	0.17	-0.05(-0.05)	0.22(432)
260	0.21	-0.04(-0.04)	0.25(502)
270	0.13	-0.06(-0.06)	0.19(378)
260	0.21	-0.04(-0.04)	0.25(502)
270	0.13	-0.06(-0.06)	0.19(378)
280	0.14	-0.05(-0.05)	0.19(389)
270	0.12	-0.08(-0.08)	0.2(395)
270	0.12	-0.08(-0.08)	0.2(395)
280	0.14	-0.05(-0.05)	0.19(389)
290	0.06	-0.1(-0.1)	0.15(309)
280	0.19	-0.03(-0.03)	0.22(447)
280	0.19	-0.03(-0.03)	0.22(447)
290	0.06	-0.1(-0.1)	0.15(309)
300	0.08	-0.07(-0.07)	0.15(291)
290	0.04	-0.11(-0.11)	0.16(317)
290	0.04	-0.11(-0.11)	0.16(317)
300	0.08	-0.07(-0.07)	0.15(291)
310	0.02	-0.1(-0.1)	0.12(240)
300	0.08	-0.08(-0.08)	0.16(325)
300	0.08	-0.08(-0.08)	0.16(325)
310	0.02	-0.1(-0.1)	0.12(240)
320	0.04	-0.1(-0.1)	0.14(284)
310	-0.02	-0.14(-0.14)	0.12(245)
310	-0.02	-0.14(-0.14)	0.12(245)
320	0.04	-0.1(-0.1)	0.14(284)
330	0.04	-0.09(-0.09)	0.13(258)
320	0.0	-0.14(-0.14)	0.14(283)
320	0.0	-0.14(-0.14)	0.14(283)
330	0.04	-0.09(-0.09)	0.13(258)
340	-0.01	-0.12(-0.12)	0.11(211)
330	0.05	-0.1(-0.1)	0.15(302)
330	0.05	-0.1(-0.1)	0.15(302)
340	-0.01	-0.12(-0.12)	0.11(211)
350	-0.05	-0.14(-0.14)	0.09(181)
340	-0.02	-0.15(-0.15)	0.13(259)
340	-0.02	-0.15(-0.15)	0.13(259)
350	-0.05	-0.14(-0.14)	0.09(181)
360	-0.04	-0.13(-0.13)	0.09(170)
350	-0.06	-0.18(-0.18)	0.12(233)
350	-0.06	-0.18(-0.18)	0.12(233)
360	-0.04	-0.13(-0.13)	0.09(170)
370	-0.08	-0.14(-0.14)	0.06(119)
360	-0.07	-0.17(-0.17)	0.11(211)
360	-0.07	-0.17(-0.17)	0.11(211)
370	-0.08	-0.14(-0.14)	0.06(119)
380	-0.14	-0.18(-0.18)	0.04(75.3)
370	-0.09	-0.18(-0.18)	0.09(172)
370	-0.09	-0.18(-0.18)	0.09(172)
380	-0.14	-0.18(-0.18)	0.04(75.3)
390	-0.11	-0.16(-0.16)	0.06(115)
380	-0.2	-0.26(-0.26)	0.06(118)
380	-0.2	-0.26(-0.26)	0.06(118)
390	-0.11	-0.16(-0.16)	0.06(115)
400	-0.03	-0.07(-0.07)	0.04(83.6)
390	-0.13	-0.22(-0.22)	0.09(177)
390	-0.13	-0.22(-0.22)	0.09(177)
400	-0.03	-0.07(-0.07)	0.04(83.6)
400	-0.05	-0.12(-0.12)	0.06(129)
400	-0.05	-0.12(-0.12)	0.06(129)
no job
Trying to load config file configs/gaus.toml but it doesnt exist
{'toml': 'configs/gaus.toml', 'experiment': None, 'layer': 9, 'feature': 0, 'target': 0, 'seed': 6247423, 'grid': 1.0, 'lr': 0.1, 'network': 35, 'patch': 16, 'sign': 1, 'method': 'in_feat', 'dir': None, 'exp_no': '1642470771'}
Loaded pretrained weights.
#i	Loss	VTE	TV
0	0.34	-0.03(-0.03)	0.38(755)
Trying to load config file configs/gaus.toml but it doesnt exist
{'toml': 'configs/gaus.toml', 'experiment': None, 'layer': 9, 'feature': 0, 'target': 0, 'seed': 6247423, 'grid': 0.1, 'lr': 0.1, 'network': 35, 'patch': 16, 'sign': 1, 'method': 'in_feat', 'dir': None, 'exp_no': '1642470770'}
Loaded pretrained weights.
#i	Loss	VTE	TV
Trying to load config file configs/gaus.toml but it doesnt exist
{'toml': 'configs/gaus.toml', 'experiment': None, 'layer': 9, 'feature': 0, 'target': 0, 'seed': 6247423, 'grid': 0.01, 'lr': 0.1, 'network': 35, 'patch': 16, 'sign': 1, 'method': 'in_feat', 'dir': None, 'exp_no': '1642470772'}
Loaded pretrained weights.
#i	Loss	VTE	TV
0	0.34	-0.03(-0.03)	0.38(755)
0	0.34	-0.03(-0.03)	0.38(755)
10	0.2	-0.02(-0.02)	0.23(455)
10	0.2	-0.02(-0.02)	0.23(455)
10	0.2	-0.02(-0.02)	0.23(455)
20	0.32	-0.01(-0.01)	0.33(653)
20	0.32	-0.01(-0.01)	0.33(653)
20	0.32	-0.01(-0.01)	0.33(653)
30	0.26	-0.03(-0.03)	0.28(567)
30	0.26	-0.03(-0.03)	0.28(567)
30	0.26	-0.03(-0.03)	0.28(567)
40	0.32	-0.02(-0.02)	0.34(676)
40	0.32	-0.02(-0.02)	0.34(676)
40	0.32	-0.02(-0.02)	0.34(676)
50	0.26	-0.04(-0.04)	0.3(607)
50	0.26	-0.04(-0.04)	0.3(607)
50	0.26	-0.04(-0.04)	0.3(607)
60	0.32	0.0(0.0)	0.32(641)
60	0.32	0.0(0.0)	0.32(641)
60	0.32	0.0(0.0)	0.32(641)
70	0.27	-0.02(-0.02)	0.29(578)
70	0.27	-0.02(-0.02)	0.29(578)
70	0.27	-0.02(-0.02)	0.29(578)
80	0.26	-0.02(-0.02)	0.28(552)
80	0.26	-0.02(-0.02)	0.28(552)
80	0.26	-0.02(-0.02)	0.28(552)
90	0.26	-0.02(-0.02)	0.28(565)
90	0.26	-0.02(-0.02)	0.28(565)
90	0.26	-0.02(-0.02)	0.28(565)
100	0.22	-0.02(-0.02)	0.24(487)
100	0.22	-0.02(-0.02)	0.24(487)
100	0.22	-0.02(-0.02)	0.24(487)
110	0.28	-0.02(-0.02)	0.29(585)
110	0.28	-0.02(-0.02)	0.29(585)
110	0.28	-0.02(-0.02)	0.29(585)
120	0.31	-0.01(-0.01)	0.32(644)
120	0.31	-0.01(-0.01)	0.32(644)
120	0.31	-0.01(-0.01)	0.32(644)
130	0.26	-0.01(-0.01)	0.27(532)
130	0.26	-0.01(-0.01)	0.27(532)
130	0.26	-0.01(-0.01)	0.27(532)
140	0.22	-0.04(-0.04)	0.26(513)
140	0.22	-0.04(-0.04)	0.26(513)
140	0.22	-0.04(-0.04)	0.26(513)
150	0.24	-0.04(-0.04)	0.27(548)
150	0.24	-0.04(-0.04)	0.27(548)
150	0.24	-0.04(-0.04)	0.27(548)
160	0.25	-0.03(-0.03)	0.28(557)
160	0.25	-0.03(-0.03)	0.28(557)
160	0.25	-0.03(-0.03)	0.28(557)
170	0.14	-0.05(-0.05)	0.19(372)
170	0.14	-0.05(-0.05)	0.19(372)
170	0.14	-0.05(-0.05)	0.19(372)
180	0.23	-0.01(-0.01)	0.24(486)
180	0.23	-0.01(-0.01)	0.24(486)
180	0.23	-0.01(-0.01)	0.24(486)
190	0.13	-0.09(-0.09)	0.22(446)
190	0.13	-0.09(-0.09)	0.22(446)
190	0.13	-0.09(-0.09)	0.22(446)
200	0.14	-0.1(-0.1)	0.24(480)
200	0.14	-0.1(-0.1)	0.24(480)
200	0.14	-0.1(-0.1)	0.24(480)
210	0.11	-0.05(-0.05)	0.16(324)
210	0.11	-0.05(-0.05)	0.16(324)
210	0.11	-0.05(-0.05)	0.16(324)
220	0.19	-0.04(-0.04)	0.23(456)
220	0.19	-0.04(-0.04)	0.23(456)
220	0.19	-0.04(-0.04)	0.23(456)
230	0.24	-0.01(-0.01)	0.26(515)
230	0.24	-0.01(-0.01)	0.26(515)
230	0.24	-0.01(-0.01)	0.26(515)
240	0.13	-0.06(-0.06)	0.19(387)
240	0.13	-0.06(-0.06)	0.19(387)
240	0.13	-0.06(-0.06)	0.19(387)
250	0.17	-0.06(-0.06)	0.23(469)
250	0.17	-0.06(-0.06)	0.23(469)
250	0.17	-0.06(-0.06)	0.23(469)
260	0.21	-0.04(-0.04)	0.25(502)
260	0.21	-0.04(-0.04)	0.25(502)
260	0.21	-0.04(-0.04)	0.25(502)
270	0.12	-0.08(-0.08)	0.2(395)
270	0.12	-0.08(-0.08)	0.2(395)
270	0.12	-0.08(-0.08)	0.2(395)
280	0.19	-0.03(-0.03)	0.22(447)
280	0.19	-0.03(-0.03)	0.22(447)
280	0.19	-0.03(-0.03)	0.22(447)
290	0.04	-0.11(-0.11)	0.16(317)
290	0.04	-0.11(-0.11)	0.16(317)
290	0.04	-0.11(-0.11)	0.16(317)
300	0.08	-0.08(-0.08)	0.16(325)
300	0.08	-0.08(-0.08)	0.16(325)
300	0.08	-0.08(-0.08)	0.16(325)
310	-0.02	-0.14(-0.14)	0.12(245)
310	-0.02	-0.14(-0.14)	0.12(245)
310	-0.02	-0.14(-0.14)	0.12(245)
320	0.0	-0.14(-0.14)	0.14(283)
320	0.0	-0.14(-0.14)	0.14(283)
320	0.0	-0.14(-0.14)	0.14(283)
330	0.05	-0.1(-0.1)	0.15(302)
330	0.05	-0.1(-0.1)	0.15(302)
330	0.05	-0.1(-0.1)	0.15(302)
340	-0.02	-0.15(-0.15)	0.13(259)
340	-0.02	-0.15(-0.15)	0.13(259)
340	-0.02	-0.15(-0.15)	0.13(259)
350	-0.06	-0.18(-0.18)	0.12(233)
350	-0.06	-0.18(-0.18)	0.12(233)
350	-0.06	-0.18(-0.18)	0.12(233)
360	-0.07	-0.17(-0.17)	0.11(211)
360	-0.07	-0.17(-0.17)	0.11(211)
360	-0.07	-0.17(-0.17)	0.11(211)
370	-0.09	-0.18(-0.18)	0.09(172)
370	-0.09	-0.18(-0.18)	0.09(172)
370	-0.09	-0.18(-0.18)	0.09(172)
380	-0.2	-0.26(-0.26)	0.06(118)
380	-0.2	-0.26(-0.26)	0.06(118)
380	-0.2	-0.26(-0.26)	0.06(118)
390	-0.13	-0.22(-0.22)	0.09(177)
390	-0.13	-0.22(-0.22)	0.09(177)
390	-0.13	-0.22(-0.22)	0.09(177)
400	-0.05	-0.12(-0.12)	0.06(129)
400	-0.05	-0.12(-0.12)	0.06(129)
400	-0.05	-0.12(-0.12)	0.06(129)
Trying to load config file configs/gaus.toml but it doesnt exist
{'toml': 'configs/gaus.toml', 'experiment': None, 'layer': 0, 'feature': 0, 'target': 0, 'seed': 6247423, 'grid': 100.0, 'lr': 0.1, 'network': 35, 'patch': 16, 'sign': 1, 'method': 'in_feat', 'dir': None, 'exp_no': '1642470773'}
Loaded pretrained weights.
#i	Loss	VTE	TV
0	0.38	0.0(0.0)	0.38(755)
Trying to load config file configs/gaus.toml but it doesnt exist
{'toml': 'configs/gaus.toml', 'experiment': None, 'layer': 0, 'feature': 0, 'target': 0, 'seed': 6247423, 'grid': 1.0, 'lr': 0.1, 'network': 35, 'patch': 16, 'sign': 1, 'method': 'in_feat', 'dir': None, 'exp_no': '1642470774'}
Loaded pretrained weights.
#i	Loss	VTE	TV
Trying to load config file configs/gaus.toml but it doesnt exist
{'toml': 'configs/gaus.toml', 'experiment': None, 'layer': 0, 'feature': 0, 'target': 0, 'seed': 6247423, 'grid': 0.1, 'lr': 0.1, 'network': 35, 'patch': 16, 'sign': 1, 'method': 'in_feat', 'dir': None, 'exp_no': '1642470774'}
Loaded pretrained weights.
#i	Loss	VTE	TV
Trying to load config file configs/gaus.toml but it doesnt exist
{'toml': 'configs/gaus.toml', 'experiment': None, 'layer': 0, 'feature': 0, 'target': 0, 'seed': 6247423, 'grid': 10.0, 'lr': 0.1, 'network': 35, 'patch': 16, 'sign': 1, 'method': 'in_feat', 'dir': None, 'exp_no': '1642470774'}
Loaded pretrained weights.
#i	Loss	VTE	TV
0	0.38	0.0(0.0)	0.38(755)
0	0.38	0.0(0.0)	0.38(755)
0	0.38	0.0(0.0)	0.38(755)
10	0.26	0.0(0.0)	0.26(514)
10	0.23	-0.01(-0.01)	0.24(483)
10	0.23	-0.01(-0.01)	0.24(481)
10	0.25	0.0(0.0)	0.25(502)
20	0.29	0.0(0.0)	0.29(571)
20	0.26	0.0(0.0)	0.26(525)
20	0.27	0.0(0.0)	0.27(548)
20	0.26	-0.0(-0.0)	0.27(531)
30	0.39	0.01(0.01)	0.38(768)
30	0.32	-0.01(-0.01)	0.33(663)
30	0.37	0.0(0.0)	0.37(746)
30	0.31	-0.02(-0.02)	0.33(658)
40	0.38	0.0(0.0)	0.38(761)
40	0.38	0.0(0.0)	0.38(760)
40	0.4	-0.0(-0.0)	0.4(803)
40	0.39	-0.0(-0.0)	0.4(792)
50	0.22	0.0(0.0)	0.21(430)
50	0.16	0.0(0.0)	0.16(312)
50	0.24	-0.01(-0.01)	0.25(505)
50	0.24	-0.01(-0.01)	0.25(507)
60	0.24	0.0(0.0)	0.24(472)
60	0.25	0.0(0.0)	0.25(504)
60	0.28	0.01(0.01)	0.27(539)
60	0.28	0.01(0.01)	0.27(536)
70	0.23	0.01(0.01)	0.23(452)
70	0.24	0.01(0.01)	0.23(461)
70	0.26	0.01(0.01)	0.26(511)
70	0.24	0.01(0.01)	0.23(452)
80	0.15	0.0(0.0)	0.15(299)
80	0.15	0.0(0.0)	0.15(307)
80	0.19	0.01(0.01)	0.19(374)
80	0.19	0.0(0.0)	0.19(379)
90	0.34	0.01(0.01)	0.33(664)
90	0.32	0.01(0.01)	0.31(627)
90	0.31	0.02(0.02)	0.29(584)
90	0.3	0.02(0.02)	0.29(572)
100	0.19	0.0(0.0)	0.19(381)
100	0.18	0.01(0.01)	0.18(356)
100	0.23	-0.0(-0.0)	0.23(461)
100	0.18	0.01(0.01)	0.18(352)
110	0.22	-0.0(-0.0)	0.22(443)
110	0.21	-0.0(-0.0)	0.21(418)
110	0.21	0.01(0.01)	0.2(399)
110	0.21	0.01(0.01)	0.2(399)
120	0.24	0.0(0.0)	0.24(479)
120	0.32	0.01(0.01)	0.31(626)
120	0.27	-0.01(-0.01)	0.29(577)
120	0.27	-0.02(-0.02)	0.29(584)
130	0.19	-0.0(-0.0)	0.2(393)
130	0.24	-0.0(-0.0)	0.24(477)
130	0.19	-0.01(-0.01)	0.21(415)
130	0.19	-0.01(-0.01)	0.21(416)
140	0.22	-0.01(-0.01)	0.23(452)
140	0.31	0.0(0.0)	0.31(625)
140	0.19	-0.02(-0.02)	0.21(411)
140	0.19	-0.01(-0.01)	0.21(410)
150	0.27	-0.0(-0.0)	0.27(542)
150	0.26	0.0(0.0)	0.25(510)
150	0.25	-0.0(-0.0)	0.25(503)
150	0.25	-0.01(-0.01)	0.25(505)
160	0.25	0.0(0.0)	0.24(485)
160	0.24	0.0(0.0)	0.24(479)
160	0.21	-0.0(-0.0)	0.21(419)
160	0.21	-0.0(-0.0)	0.21(422)
170	0.19	0.0(0.0)	0.19(372)
170	0.14	0.0(0.0)	0.14(280)
170	0.16	-0.01(-0.01)	0.16(325)
170	0.16	-0.0(-0.0)	0.16(324)
180	0.2	0.01(0.01)	0.19(379)
180	0.23	0.01(0.01)	0.22(450)
180	0.18	0.01(0.01)	0.17(340)
180	0.18	0.01(0.01)	0.17(343)
190	0.22	-0.0(-0.0)	0.22(443)
190	0.23	-0.01(-0.01)	0.24(477)
190	0.16	-0.01(-0.01)	0.17(349)
190	0.16	-0.01(-0.01)	0.17(347)
200	0.27	0.0(0.0)	0.26(526)
200	0.23	-0.01(-0.01)	0.24(477)
200	0.2	-0.03(-0.03)	0.23(458)
200	0.2	-0.03(-0.03)	0.23(452)
210	0.15	0.0(0.0)	0.15(295)
210	0.15	0.0(0.0)	0.15(304)
210	0.12	-0.01(-0.01)	0.13(259)
210	0.12	-0.01(-0.01)	0.13(250)
220	0.09	0.01(0.01)	0.09(171)
220	0.11	0.01(0.01)	0.11(212)
220	0.14	-0.0(-0.0)	0.14(273)
220	0.14	-0.0(-0.0)	0.14(287)
230	0.09	0.0(0.0)	0.09(184)
230	0.09	0.01(0.01)	0.08(158)
230	0.12	0.02(0.02)	0.1(194)
230	0.12	0.02(0.02)	0.1(200)
240	0.06	0.01(0.01)	0.05(103)
240	0.08	0.01(0.01)	0.07(145)
240	0.07	0.01(0.01)	0.06(126)
240	0.07	0.01(0.01)	0.06(124)
250	0.14	0.0(0.0)	0.14(279)
250	0.13	-0.01(-0.01)	0.14(271)
250	0.08	-0.02(-0.02)	0.1(195)
250	0.08	-0.02(-0.02)	0.1(191)
260	0.07	-0.0(-0.0)	0.07(140)
260	0.09	-0.0(-0.0)	0.09(184)
260	0.07	-0.01(-0.01)	0.08(165)
260	0.08	-0.01(-0.01)	0.08(165)
270	0.07	0.01(0.01)	0.06(126)
270	0.07	-0.0(-0.0)	0.07(136)
270	0.06	-0.01(-0.01)	0.07(140)
270	0.06	-0.01(-0.01)	0.07(140)
280	0.08	0.0(0.0)	0.08(160)
280	0.07	-0.0(-0.0)	0.07(144)
280	0.07	-0.0(-0.0)	0.07(148)
280	0.07	-0.0(-0.0)	0.07(148)
290	0.07	0.0(0.0)	0.07(133)
290	0.06	-0.0(-0.0)	0.06(119)
290	0.06	-0.01(-0.01)	0.06(126)
290	0.06	-0.01(-0.01)	0.06(128)
300	0.05	0.0(0.0)	0.05(96.5)
300	0.08	-0.0(-0.0)	0.08(159)
300	0.07	-0.0(-0.0)	0.07(144)
300	0.07	-0.0(-0.0)	0.07(144)
310	0.03	0.0(0.0)	0.03(61.1)
310	0.03	-0.0(-0.0)	0.03(65.0)
310	0.02	-0.01(-0.01)	0.03(60.7)
310	0.02	-0.01(-0.01)	0.03(61.0)
320	0.05	-0.0(-0.0)	0.05(93.0)
320	0.03	-0.0(-0.0)	0.03(68.2)
320	0.02	-0.01(-0.01)	0.03(65.0)
320	0.02	-0.01(-0.01)	0.03(65.1)
330	0.02	0.0(0.0)	0.02(34.1)
330	0.03	0.0(0.0)	0.02(48.3)
330	0.03	0.0(0.0)	0.03(53.6)
330	0.03	0.0(0.0)	0.03(53.7)
340	0.03	0.0(0.0)	0.02(48.4)
340	0.02	0.0(0.0)	0.02(39.9)
340	0.02	-0.0(-0.0)	0.02(39.0)
340	0.02	-0.0(-0.0)	0.02(39.0)
350	0.01	-0.01(-0.01)	0.01(27.5)
350	0.01	-0.01(-0.01)	0.01(25.1)
350	0.0	-0.01(-0.01)	0.01(24.3)
350	0.0	-0.01(-0.01)	0.01(24.4)
360	0.01	-0.0(-0.0)	0.01(20.1)
360	0.01	-0.0(-0.0)	0.01(15.9)
360	0.01	-0.0(-0.0)	0.01(16.6)
360	0.01	-0.0(-0.0)	0.01(16.7)
370	0.01	0.0(0.0)	0.01(13.8)
370	0.0	-0.0(-0.0)	0.01(10.8)
370	-0.0	-0.01(-0.01)	0.01(10.9)
370	-0.0	-0.01(-0.01)	0.01(10.9)
380	-0.0	-0.0(-0.0)	0.0(2.37)
380	-0.0	-0.01(-0.01)	0.0(3.63)
380	-0.0	-0.0(-0.0)	0.0(3.76)
380	-0.0	-0.0(-0.0)	0.0(3.76)
390	0.0	0.0(0.0)	0.0(1.21)
390	-0.0	-0.0(-0.0)	0.0(3.23)
390	-0.0	-0.01(-0.01)	0.0(3.48)
390	-0.0	-0.01(-0.01)	0.0(3.49)
400	-0.01	-0.01(-0.01)	0.0(0.45)
400	-0.0	-0.01(-0.01)	0.0(1.94)
400	-0.0	-0.0(-0.0)	0.0(2.19)
400	-0.0	-0.0(-0.0)	0.0(2.2)
Trying to load config file configs/gaus.toml but it doesnt exist
{'toml': 'configs/gaus.toml', 'experiment': None, 'layer': 2, 'feature': 0, 'target': 0, 'seed': 6247423, 'grid': 100.0, 'lr': 0.1, 'network': 35, 'patch': 16, 'sign': 1, 'method': 'in_feat', 'dir': None, 'exp_no': '1642470776'}
Loaded pretrained weights.
#i	Loss	VTE	TV
0	0.38	0.01(0.01)	0.38(755)
Trying to load config file configs/gaus.toml but it doesnt exist
{'toml': 'configs/gaus.toml', 'experiment': None, 'layer': 0, 'feature': 0, 'target': 0, 'seed': 6247423, 'grid': 0.01, 'lr': 0.1, 'network': 35, 'patch': 16, 'sign': 1, 'method': 'in_feat', 'dir': None, 'exp_no': '1642470775'}
Loaded pretrained weights.
#i	Loss	VTE	TV
Trying to load config file configs/gaus.toml but it doesnt exist
{'toml': 'configs/gaus.toml', 'experiment': None, 'layer': 2, 'feature': 0, 'target': 0, 'seed': 6247423, 'grid': 10.0, 'lr': 0.1, 'network': 35, 'patch': 16, 'sign': 1, 'method': 'in_feat', 'dir': None, 'exp_no': '1642470777'}
Loaded pretrained weights.
#i	Loss	VTE	TV
Trying to load config file configs/gaus.toml but it doesnt exist
{'toml': 'configs/gaus.toml', 'experiment': None, 'layer': 2, 'feature': 0, 'target': 0, 'seed': 6247423, 'grid': 1.0, 'lr': 0.1, 'network': 35, 'patch': 16, 'sign': 1, 'method': 'in_feat', 'dir': None, 'exp_no': '1642470778'}
Loaded pretrained weights.
#i	Loss	VTE	TV
0	0.38	0.0(0.0)	0.38(755)
0	0.38	0.01(0.01)	0.38(755)
0	0.39	0.01(0.01)	0.38(755)
10	0.26	-0.0(-0.0)	0.26(512)
10	0.23	-0.01(-0.01)	0.24(481)
10	0.23	-0.01(-0.01)	0.24(482)
10	0.18	-0.04(-0.04)	0.22(438)
20	0.26	-0.0(-0.0)	0.26(530)
20	0.27	-0.01(-0.01)	0.28(566)
20	0.25	-0.01(-0.01)	0.26(528)
20	0.3	-0.02(-0.02)	0.32(649)
30	0.31	-0.02(-0.02)	0.33(657)
30	0.39	0.01(0.01)	0.38(765)
30	0.31	-0.01(-0.01)	0.32(641)
30	0.22	-0.05(-0.05)	0.27(541)
40	0.39	-0.0(-0.0)	0.4(793)
40	0.38	0.0(0.0)	0.38(759)
50	0.24	-0.01(-0.01)	0.25(507)
40	0.38	-0.0(-0.0)	0.38(768)
40	0.28	-0.04(-0.04)	0.33(656)
60	0.28	0.01(0.01)	0.27(536)
50	0.17	0.01(0.01)	0.16(325)
50	0.25	-0.01(-0.01)	0.25(505)
50	0.24	-0.05(-0.05)	0.29(580)
70	0.24	0.01(0.01)	0.23(450)
60	0.23	-0.0(-0.0)	0.24(472)
80	0.19	0.0(0.0)	0.19(378)
60	0.27	0.01(0.01)	0.26(526)
60	0.27	0.0(0.0)	0.26(527)
90	0.3	0.02(0.02)	0.29(572)
70	0.26	0.01(0.01)	0.25(492)
70	0.23	0.02(0.02)	0.2(405)
70	0.22	-0.02(-0.02)	0.24(486)
100	0.18	0.01(0.01)	0.18(353)
110	0.21	0.01(0.01)	0.2(398)
80	0.13	-0.01(-0.01)	0.14(273)
80	0.18	-0.0(-0.0)	0.18(369)
80	0.21	-0.02(-0.02)	0.23(470)
120	0.27	-0.02(-0.02)	0.29(584)
90	0.32	0.01(0.01)	0.31(612)
90	0.29	0.03(0.03)	0.27(532)
90	0.24	-0.0(-0.0)	0.24(484)
130	0.19	-0.01(-0.01)	0.21(416)
140	0.19	-0.01(-0.01)	0.21(411)
100	0.2	-0.01(-0.01)	0.21(422)
100	0.14	-0.01(-0.01)	0.15(302)
100	0.16	-0.03(-0.03)	0.19(387)
150	0.25	-0.01(-0.01)	0.25(505)
110	0.24	-0.02(-0.02)	0.26(513)
110	0.19	-0.01(-0.01)	0.21(411)
160	0.21	-0.0(-0.0)	0.21(422)
110	0.21	-0.01(-0.01)	0.22(444)
170	0.16	-0.0(-0.0)	0.16(324)
120	0.23	0.01(0.01)	0.22(444)
120	0.29	-0.01(-0.01)	0.31(614)
120	0.24	-0.04(-0.04)	0.28(561)
180	0.18	0.01(0.01)	0.17(343)
130	0.2	-0.01(-0.01)	0.22(430)
190	0.16	-0.01(-0.01)	0.17(347)
130	0.16	-0.04(-0.04)	0.19(389)
130	0.16	-0.05(-0.05)	0.22(430)
200	0.2	-0.03(-0.03)	0.23(451)
140	0.24	-0.01(-0.01)	0.25(503)
140	0.16	-0.04(-0.04)	0.19(387)
140	0.15	-0.06(-0.06)	0.21(419)
210	0.12	-0.01(-0.01)	0.12(249)
150	0.26	-0.0(-0.0)	0.26(529)
220	0.14	-0.0(-0.0)	0.14(288)
150	0.22	-0.01(-0.01)	0.23(455)
150	0.2	-0.03(-0.03)	0.22(446)
230	0.12	0.02(0.02)	0.1(199)
160	0.23	0.01(0.01)	0.23(453)
160	0.22	-0.01(-0.01)	0.22(449)
160	0.16	-0.05(-0.05)	0.21(414)
240	0.07	0.01(0.01)	0.06(124)
170	0.18	0.01(0.01)	0.17(349)
250	0.08	-0.02(-0.02)	0.1(191)
170	0.17	-0.0(-0.0)	0.17(336)
170	0.13	-0.05(-0.05)	0.18(353)
260	0.08	-0.01(-0.01)	0.08(164)
180	0.22	0.01(0.01)	0.21(424)
180	0.19	0.02(0.02)	0.17(337)
180	0.17	-0.01(-0.01)	0.18(370)
270	0.06	-0.01(-0.01)	0.07(140)
190	0.28	-0.01(-0.01)	0.29(578)
280	0.07	-0.0(-0.0)	0.07(148)
190	0.1	-0.07(-0.07)	0.17(332)
190	0.09	-0.08(-0.08)	0.17(342)
290	0.06	-0.01(-0.01)	0.06(126)
200	0.21	-0.0(-0.0)	0.21(424)
200	0.15	-0.05(-0.05)	0.2(393)
200	0.08	-0.1(-0.1)	0.17(347)
300	0.07	-0.0(-0.0)	0.07(144)
310	0.02	-0.01(-0.01)	0.03(60.7)
210	0.14	-0.01(-0.01)	0.15(299)
210	0.1	-0.02(-0.02)	0.12(234)
210	0.04	-0.08(-0.08)	0.12(241)
320	0.02	-0.01(-0.01)	0.03(64.9)
220	0.13	0.01(0.01)	0.12(242)
220	0.18	0.02(0.02)	0.16(317)
220	0.15	-0.02(-0.02)	0.16(325)
330	0.03	0.0(0.0)	0.03(53.6)
340	0.02	-0.0(-0.0)	0.02(39.1)
230	0.1	-0.0(-0.0)	0.11(211)
230	0.13	0.01(0.01)	0.12(236)
230	0.17	-0.0(-0.0)	0.17(350)
350	0.0	-0.01(-0.01)	0.01(24.3)
240	0.08	0.01(0.01)	0.07(133)
240	0.08	0.01(0.01)	0.08(154)
360	0.0	-0.0(-0.0)	0.01(16.6)
240	0.07	-0.04(-0.04)	0.12(232)
370	-0.0	-0.01(-0.01)	0.01(10.9)
250	0.11	-0.01(-0.01)	0.12(234)
250	0.06	-0.05(-0.05)	0.11(214)
250	0.08	-0.06(-0.06)	0.14(284)
380	-0.0	-0.0(-0.0)	0.0(3.76)
260	0.1	-0.02(-0.02)	0.12(240)
390	-0.0	-0.01(-0.01)	0.0(3.48)
260	0.05	-0.04(-0.04)	0.08(169)
260	0.08	-0.05(-0.05)	0.12(247)
400	-0.0	-0.0(-0.0)	0.0(2.19)
270	0.07	0.01(0.01)	0.06(125)
270	0.06	-0.03(-0.03)	0.09(172)
270	0.06	-0.06(-0.06)	0.12(235)
280	0.07	-0.01(-0.01)	0.08(164)
280	0.06	-0.02(-0.02)	0.08(168)
280	0.09	-0.03(-0.03)	0.11(224)
290	0.07	-0.0(-0.0)	0.08(151)
290	0.02	-0.05(-0.05)	0.07(130)
290	0.01	-0.07(-0.07)	0.08(157)
300	0.07	-0.01(-0.01)	0.07(140)
300	0.04	-0.03(-0.03)	0.08(152)
300	0.04	-0.04(-0.04)	0.08(166)
310	0.03	-0.0(-0.0)	0.04(71.8)
310	-0.01	-0.05(-0.05)	0.04(81.7)
310	-0.03	-0.08(-0.08)	0.06(111)
320	0.01	-0.02(-0.02)	0.03(55.2)
320	-0.02	-0.09(-0.09)	0.06(128)
320	0.01	-0.04(-0.04)	0.06(112)
330	0.03	0.01(0.01)	0.02(39.3)
330	0.03	-0.03(-0.03)	0.07(137)
330	0.03	-0.02(-0.02)	0.05(105)
340	0.02	-0.0(-0.0)	0.02(47.8)
340	-0.02	-0.07(-0.07)	0.05(105)
340	-0.02	-0.06(-0.06)	0.04(84.8)
350	-0.02	-0.04(-0.04)	0.01(20.6)
350	-0.05	-0.09(-0.09)	0.04(89.4)
350	-0.03	-0.07(-0.07)	0.04(74.7)
360	-0.01	-0.02(-0.02)	0.01(16.8)
360	-0.03	-0.08(-0.08)	0.04(83.1)
360	-0.01	-0.05(-0.05)	0.04(77.9)
370	-0.01	-0.01(-0.01)	0.01(11.4)
370	-0.03	-0.07(-0.07)	0.03(69.8)
370	-0.02	-0.05(-0.05)	0.03(65.0)
380	-0.02	-0.02(-0.02)	0.0(3.11)
380	-0.06	-0.08(-0.08)	0.02(48.6)
380	-0.06	-0.08(-0.08)	0.02(44.9)
390	-0.0	-0.0(-0.0)	0.0(3.95)
390	-0.05	-0.09(-0.09)	0.04(75.4)
390	-0.04	-0.08(-0.08)	0.04(71.5)
400	-0.03	-0.03(-0.03)	0.0(3.74)
400	-0.04	-0.07(-0.07)	0.03(55.1)
400	-0.0	-0.03(-0.03)	0.03(52.4)
Trying to load config file configs/gaus.toml but it doesnt exist
{'toml': 'configs/gaus.toml', 'experiment': None, 'layer': 4, 'feature': 0, 'target': 0, 'seed': 6247423, 'grid': 100.0, 'lr': 0.1, 'network': 35, 'patch': 16, 'sign': 1, 'method': 'in_feat', 'dir': None, 'exp_no': '1642470779'}
Loaded pretrained weights.
#i	Loss	VTE	TV
Trying to load config file configs/gaus.toml but it doesnt exist
{'toml': 'configs/gaus.toml', 'experiment': None, 'layer': 4, 'feature': 0, 'target': 0, 'seed': 6247423, 'grid': 10.0, 'lr': 0.1, 'network': 35, 'patch': 16, 'sign': 1, 'method': 'in_feat', 'dir': None, 'exp_no': '1642470779'}
Loaded pretrained weights.
#i	Loss	VTE	TV
Trying to load config file configs/gaus.toml but it doesnt exist
{'toml': 'configs/gaus.toml', 'experiment': None, 'layer': 2, 'feature': 0, 'target': 0, 'seed': 6247423, 'grid': 0.01, 'lr': 0.1, 'network': 35, 'patch': 16, 'sign': 1, 'method': 'in_feat', 'dir': None, 'exp_no': '1642470779'}
Loaded pretrained weights.
#i	Loss	VTE	TV
Trying to load config file configs/gaus.toml but it doesnt exist
{'toml': 'configs/gaus.toml', 'experiment': None, 'layer': 2, 'feature': 0, 'target': 0, 'seed': 6247423, 'grid': 0.1, 'lr': 0.1, 'network': 35, 'patch': 16, 'sign': 1, 'method': 'in_feat', 'dir': None, 'exp_no': '1642470779'}
Loaded pretrained weights.
#i	Loss	VTE	TV
0	0.38	0.0(0.0)	0.38(755)
0	0.39	0.01(0.01)	0.38(755)
0	0.38	0.0(0.0)	0.38(755)
0	0.38	0.01(0.01)	0.38(755)
10	0.22	-0.01(-0.01)	0.24(479)
10	0.26	0.0(0.0)	0.26(511)
10	0.17	-0.04(-0.04)	0.22(433)
10	0.17	-0.04(-0.04)	0.22(433)
20	0.25	-0.02(-0.02)	0.27(546)
20	0.29	-0.02(-0.02)	0.32(634)
20	0.27	-0.01(-0.01)	0.28(566)
20	0.3	-0.02(-0.02)	0.32(636)
30	0.3	-0.01(-0.01)	0.31(623)
30	0.21	-0.06(-0.06)	0.26(530)
30	0.4	0.01(0.01)	0.38(764)
30	0.21	-0.06(-0.06)	0.26(529)
40	0.36	-0.01(-0.01)	0.37(745)
40	0.27	-0.05(-0.05)	0.32(637)
40	0.38	0.0(0.0)	0.38(757)
40	0.27	-0.05(-0.05)	0.32(639)
50	0.25	-0.01(-0.01)	0.26(511)
50	0.24	-0.05(-0.05)	0.28(569)
50	0.18	0.01(0.01)	0.17(336)
50	0.24	-0.05(-0.05)	0.28(569)
60	0.25	-0.01(-0.01)	0.26(519)
60	0.27	-0.0(-0.0)	0.27(535)
60	0.27	-0.0(-0.0)	0.27(536)
60	0.22	-0.0(-0.0)	0.23(454)
70	0.22	-0.03(-0.03)	0.25(493)
70	0.23	0.02(0.02)	0.21(411)
70	0.22	-0.03(-0.03)	0.25(499)
70	0.26	0.02(0.02)	0.24(477)
80	0.22	-0.02(-0.02)	0.24(486)
80	0.17	-0.01(-0.01)	0.19(376)
80	0.22	-0.03(-0.03)	0.24(484)
80	0.13	-0.01(-0.01)	0.14(279)
90	0.23	-0.01(-0.01)	0.24(482)
90	0.26	0.01(0.01)	0.25(501)
90	0.23	-0.01(-0.01)	0.24(481)
90	0.33	0.01(0.01)	0.31(627)
100	0.17	-0.03(-0.03)	0.2(401)
100	0.14	-0.02(-0.02)	0.15(304)
100	0.17	-0.03(-0.03)	0.2(397)
100	0.19	-0.01(-0.01)	0.2(398)
110	0.22	-0.01(-0.01)	0.22(449)
110	0.19	-0.02(-0.02)	0.21(426)
110	0.22	-0.01(-0.01)	0.23(450)
110	0.23	-0.02(-0.02)	0.25(498)
120	0.23	-0.04(-0.04)	0.27(549)
120	0.29	-0.02(-0.02)	0.31(611)
120	0.23	-0.04(-0.04)	0.27(549)
120	0.24	0.02(0.02)	0.23(453)
130	0.17	-0.05(-0.05)	0.22(431)
130	0.16	-0.04(-0.04)	0.2(399)
130	0.17	-0.05(-0.05)	0.22(432)
130	0.2	-0.01(-0.01)	0.22(433)
140	0.16	-0.05(-0.05)	0.21(425)
140	0.14	-0.06(-0.06)	0.19(388)
140	0.16	-0.05(-0.05)	0.21(423)
140	0.24	-0.01(-0.01)	0.26(511)
150	0.19	-0.03(-0.03)	0.22(447)
150	0.21	-0.02(-0.02)	0.23(458)
150	0.19	-0.03(-0.03)	0.22(447)
150	0.27	-0.0(-0.0)	0.27(535)
160	0.16	-0.05(-0.05)	0.21(416)
160	0.23	-0.01(-0.01)	0.24(480)
160	0.16	-0.05(-0.05)	0.21(415)
160	0.24	0.01(0.01)	0.23(458)
170	0.12	-0.05(-0.05)	0.17(339)
170	0.17	-0.01(-0.01)	0.18(350)
170	0.12	-0.05(-0.05)	0.17(339)
170	0.19	0.01(0.01)	0.18(362)
180	0.16	-0.02(-0.02)	0.18(369)
180	0.2	0.01(0.01)	0.19(379)
180	0.17	-0.02(-0.02)	0.18(369)
180	0.21	0.02(0.02)	0.2(395)
190	0.08	-0.09(-0.09)	0.17(339)
190	0.1	-0.09(-0.09)	0.19(376)
190	0.08	-0.09(-0.09)	0.17(341)
190	0.26	-0.01(-0.01)	0.27(542)
200	0.07	-0.1(-0.1)	0.17(346)
200	0.11	-0.08(-0.08)	0.19(375)
200	0.07	-0.1(-0.1)	0.17(345)
200	0.22	-0.0(-0.0)	0.22(434)
210	0.04	-0.08(-0.08)	0.12(250)
210	0.09	-0.03(-0.03)	0.12(245)
210	0.05	-0.08(-0.08)	0.13(252)
210	0.15	-0.01(-0.01)	0.16(313)
220	0.14	-0.02(-0.02)	0.16(325)
220	0.17	0.01(0.01)	0.16(330)
220	0.14	-0.02(-0.02)	0.16(325)
220	0.15	0.02(0.02)	0.13(256)
230	0.17	-0.0(-0.0)	0.18(351)
230	0.12	-0.0(-0.0)	0.13(251)
230	0.17	-0.0(-0.0)	0.17(349)
230	0.1	-0.0(-0.0)	0.1(207)
240	0.07	-0.04(-0.04)	0.12(237)
240	0.07	-0.02(-0.02)	0.09(187)
240	0.07	-0.05(-0.05)	0.12(235)
240	0.08	0.02(0.02)	0.06(123)
250	0.09	-0.06(-0.06)	0.14(287)
250	0.06	-0.06(-0.06)	0.12(236)
250	0.09	-0.06(-0.06)	0.14(288)
250	0.12	-0.01(-0.01)	0.13(261)
260	0.08	-0.05(-0.05)	0.12(242)
260	0.05	-0.05(-0.05)	0.1(196)
260	0.08	-0.05(-0.05)	0.12(244)
260	0.1	-0.03(-0.03)	0.13(264)
270	0.07	-0.06(-0.06)	0.12(250)
270	0.1	-0.02(-0.02)	0.13(254)
270	0.07	-0.06(-0.06)	0.12(249)
270	0.07	0.01(0.01)	0.06(119)
280	0.09	-0.03(-0.03)	0.11(226)
280	0.06	-0.04(-0.04)	0.1(200)
280	0.09	-0.03(-0.03)	0.11(228)
280	0.07	-0.01(-0.01)	0.08(160)
290	0.01	-0.07(-0.07)	0.08(160)
290	-0.0	-0.08(-0.08)	0.07(147)
290	0.01	-0.07(-0.07)	0.08(160)
290	0.05	-0.0(-0.0)	0.06(113)
300	0.04	-0.04(-0.04)	0.08(165)
300	0.09	-0.04(-0.04)	0.13(265)
300	0.04	-0.04(-0.04)	0.08(164)
300	0.08	-0.01(-0.01)	0.09(178)
310	-0.03	-0.08(-0.08)	0.06(114)
310	-0.01	-0.07(-0.07)	0.06(111)
310	-0.03	-0.08(-0.08)	0.06(114)
310	0.03	-0.01(-0.01)	0.04(70.3)
320	-0.02	-0.09(-0.09)	0.06(129)
320	0.04	-0.06(-0.06)	0.1(195)
320	-0.02	-0.09(-0.09)	0.06(129)
320	0.02	-0.02(-0.02)	0.04(84.9)
330	0.04	-0.03(-0.03)	0.07(139)
330	0.03	-0.06(-0.06)	0.08(166)
330	0.03	-0.03(-0.03)	0.07(139)
330	0.02	0.0(0.0)	0.02(42.5)
340	-0.02	-0.07(-0.07)	0.05(106)
340	-0.02	-0.08(-0.08)	0.06(129)
340	-0.02	-0.07(-0.07)	0.05(106)
340	0.01	-0.01(-0.01)	0.02(42.5)
350	-0.05	-0.09(-0.09)	0.04(89.8)
350	-0.03	-0.09(-0.09)	0.07(132)
350	-0.05	-0.09(-0.09)	0.04(88.9)
350	-0.0	-0.05(-0.05)	0.04(84.9)
360	-0.03	-0.08(-0.08)	0.04(83.2)
360	-0.01	-0.07(-0.07)	0.07(133)
360	-0.04	-0.08(-0.08)	0.04(83.0)
360	-0.01	-0.03(-0.03)	0.01(28.3)
370	-0.03	-0.07(-0.07)	0.04(70.2)
370	-0.03	-0.07(-0.07)	0.03(69.9)
370	-0.03	-0.09(-0.09)	0.06(111)
370	-0.01	-0.02(-0.02)	0.01(17.8)
380	-0.06	-0.08(-0.08)	0.02(48.9)
380	-0.06	-0.08(-0.08)	0.02(48.6)
380	-0.08	-0.12(-0.12)	0.04(75.8)
380	-0.01	-0.02(-0.02)	0.0(9.21)
390	-0.05	-0.09(-0.09)	0.04(75.9)
390	-0.05	-0.09(-0.09)	0.04(75.4)
390	-0.05	-0.11(-0.11)	0.06(115)
390	-0.02	-0.03(-0.03)	0.01(16.9)
400	-0.05	-0.08(-0.08)	0.03(55.5)
400	-0.05	-0.08(-0.08)	0.03(55.1)
400	-0.0	-0.05(-0.05)	0.04(82.3)
400	-0.03	-0.03(-0.03)	0.01(13.0)
Trying to load config file configs/gaus.toml but it doesnt exist
{'toml': 'configs/gaus.toml', 'experiment': None, 'layer': 4, 'feature': 0, 'target': 0, 'seed': 6247423, 'grid': 1.0, 'lr': 0.1, 'network': 35, 'patch': 16, 'sign': 1, 'method': 'in_feat', 'dir': None, 'exp_no': '1642470781'}
Loaded pretrained weights.
#i	Loss	VTE	TV
Trying to load config file configs/gaus.toml but it doesnt exist
{'toml': 'configs/gaus.toml', 'experiment': None, 'layer': 6, 'feature': 0, 'target': 0, 'seed': 6247423, 'grid': 100.0, 'lr': 0.1, 'network': 35, 'patch': 16, 'sign': 1, 'method': 'in_feat', 'dir': None, 'exp_no': '1642470783'}
Loaded pretrained weights.
#i	Loss	VTE	TV
Trying to load config file configs/gaus.toml but it doesnt exist
{'toml': 'configs/gaus.toml', 'experiment': None, 'layer': 4, 'feature': 0, 'target': 0, 'seed': 6247423, 'grid': 0.1, 'lr': 0.1, 'network': 35, 'patch': 16, 'sign': 1, 'method': 'in_feat', 'dir': None, 'exp_no': '1642470780'}
Loaded pretrained weights.
#i	Loss	VTE	TV
Trying to load config file configs/gaus.toml but it doesnt exist
{'toml': 'configs/gaus.toml', 'experiment': None, 'layer': 4, 'feature': 0, 'target': 0, 'seed': 6247423, 'grid': 0.01, 'lr': 0.1, 'network': 35, 'patch': 16, 'sign': 1, 'method': 'in_feat', 'dir': None, 'exp_no': '1642470782'}
Loaded pretrained weights.
#i	Loss	VTE	TV
0	0.37	-0.0(-0.0)	0.38(755)
0	0.38	0.01(0.01)	0.38(755)
0	0.37	-0.01(-0.01)	0.38(755)
0	0.37	-0.01(-0.01)	0.38(755)
10	0.19	-0.03(-0.03)	0.22(444)
10	0.25	-0.0(-0.0)	0.26(511)
10	0.19	-0.03(-0.03)	0.22(437)
10	0.19	-0.03(-0.03)	0.22(433)
20	0.32	-0.03(-0.03)	0.34(688)
20	0.3	-0.03(-0.03)	0.33(662)
20	0.27	-0.01(-0.01)	0.28(565)
20	0.3	-0.03(-0.03)	0.33(658)
30	0.23	-0.04(-0.04)	0.27(539)
30	0.22	-0.04(-0.04)	0.26(528)
30	0.39	0.01(0.01)	0.38(763)
30	0.22	-0.04(-0.04)	0.27(531)
40	0.27	-0.03(-0.03)	0.31(614)
40	0.26	-0.03(-0.03)	0.3(596)
40	0.38	0.0(0.0)	0.38(757)
40	0.26	-0.03(-0.03)	0.3(593)
50	0.27	-0.03(-0.03)	0.3(600)
50	0.26	-0.03(-0.03)	0.29(578)
50	0.18	0.01(0.01)	0.17(340)
50	0.25	-0.03(-0.03)	0.29(570)
60	0.27	-0.01(-0.01)	0.28(556)
60	0.22	-0.01(-0.01)	0.23(451)
60	0.27	-0.01(-0.01)	0.28(562)
60	0.27	-0.01(-0.01)	0.28(567)
70	0.24	-0.02(-0.02)	0.26(517)
70	0.25	0.02(0.02)	0.24(471)
70	0.25	-0.03(-0.03)	0.28(560)
70	0.24	-0.03(-0.03)	0.26(526)
80	0.22	-0.02(-0.02)	0.24(480)
80	0.15	-0.01(-0.01)	0.16(313)
80	0.22	-0.02(-0.02)	0.25(491)
80	0.23	-0.02(-0.02)	0.25(492)
90	0.23	-0.02(-0.02)	0.25(501)
90	0.33	0.01(0.01)	0.32(632)
90	0.22	-0.02(-0.02)	0.24(489)
90	0.22	-0.02(-0.02)	0.24(487)
100	0.17	-0.04(-0.04)	0.21(416)
100	0.19	-0.01(-0.01)	0.2(396)
100	0.17	-0.04(-0.04)	0.22(432)
100	0.17	-0.04(-0.04)	0.22(431)
110	0.23	-0.02(-0.02)	0.24(488)
110	0.22	-0.03(-0.03)	0.25(491)
110	0.23	-0.01(-0.01)	0.24(482)
110	0.23	-0.01(-0.01)	0.24(484)
120	0.27	-0.03(-0.03)	0.3(601)
120	0.24	0.01(0.01)	0.23(454)
120	0.26	-0.03(-0.03)	0.3(590)
120	0.26	-0.03(-0.03)	0.3(597)
130	0.18	-0.04(-0.04)	0.22(442)
130	0.2	-0.02(-0.02)	0.21(427)
130	0.18	-0.04(-0.04)	0.22(443)
130	0.18	-0.04(-0.04)	0.22(443)
140	0.16	-0.06(-0.06)	0.22(439)
140	0.24	-0.01(-0.01)	0.25(500)
140	0.18	-0.05(-0.05)	0.23(458)
140	0.18	-0.05(-0.05)	0.23(456)
150	0.2	-0.03(-0.03)	0.24(472)
150	0.26	-0.0(-0.0)	0.27(532)
150	0.2	-0.03(-0.03)	0.23(466)
150	0.2	-0.03(-0.03)	0.23(467)
160	0.16	-0.05(-0.05)	0.21(416)
160	0.25	0.01(0.01)	0.24(481)
160	0.16	-0.05(-0.05)	0.21(421)
160	0.16	-0.05(-0.05)	0.21(418)
170	0.15	-0.03(-0.03)	0.18(363)
170	0.18	0.01(0.01)	0.18(355)
170	0.13	-0.04(-0.04)	0.17(341)
170	0.14	-0.04(-0.04)	0.17(342)
180	0.18	-0.03(-0.03)	0.21(410)
180	0.22	0.02(0.02)	0.21(412)
180	0.18	-0.03(-0.03)	0.2(405)
180	0.18	-0.03(-0.03)	0.2(404)
190	0.1	-0.09(-0.09)	0.19(375)
190	0.22	-0.02(-0.02)	0.24(476)
190	0.1	-0.08(-0.08)	0.18(368)
190	0.1	-0.08(-0.08)	0.18(370)
200	0.08	-0.11(-0.11)	0.19(379)
200	0.27	-0.0(-0.0)	0.27(540)
200	0.08	-0.11(-0.11)	0.19(377)
200	0.08	-0.11(-0.11)	0.19(372)
210	0.06	-0.07(-0.07)	0.13(260)
210	0.16	-0.01(-0.01)	0.17(333)
210	0.07	-0.07(-0.07)	0.14(277)
210	0.07	-0.06(-0.06)	0.14(276)
220	0.14	-0.03(-0.03)	0.16(329)
220	0.14	0.02(0.02)	0.13(252)
220	0.13	-0.03(-0.03)	0.17(330)
220	0.13	-0.03(-0.03)	0.17(330)
230	0.2	-0.01(-0.01)	0.2(408)
230	0.09	-0.01(-0.01)	0.1(201)
230	0.2	-0.01(-0.01)	0.21(416)
230	0.2	-0.01(-0.01)	0.2(409)
240	0.09	-0.05(-0.05)	0.14(283)
240	0.1	0.01(0.01)	0.09(171)
240	0.1	-0.05(-0.05)	0.15(304)
240	0.09	-0.05(-0.05)	0.14(288)
250	0.12	-0.06(-0.06)	0.19(371)
250	0.09	-0.02(-0.02)	0.11(219)
250	0.14	-0.06(-0.06)	0.2(394)
250	0.15	-0.06(-0.06)	0.21(419)
260	0.11	-0.04(-0.04)	0.15(307)
260	0.07	-0.03(-0.03)	0.1(206)
260	0.11	-0.04(-0.04)	0.15(293)
260	0.11	-0.04(-0.04)	0.15(309)
270	0.12	-0.05(-0.05)	0.16(329)
270	0.08	0.01(0.01)	0.07(145)
270	0.14	-0.05(-0.05)	0.19(375)
270	0.15	-0.05(-0.05)	0.19(389)
280	0.1	-0.05(-0.05)	0.15(291)
280	0.06	-0.01(-0.01)	0.07(139)
280	0.1	-0.05(-0.05)	0.15(295)
280	0.1	-0.05(-0.05)	0.15(291)
290	0.01	-0.1(-0.1)	0.11(216)
290	0.05	-0.01(-0.01)	0.05(106)
290	0.01	-0.09(-0.09)	0.11(219)
290	0.01	-0.09(-0.09)	0.1(207)
300	0.06	-0.06(-0.06)	0.13(253)
300	0.08	-0.01(-0.01)	0.09(182)
300	0.07	-0.06(-0.06)	0.13(258)
300	0.06	-0.06(-0.06)	0.12(248)
310	0.01	-0.08(-0.08)	0.09(185)
310	0.02	-0.01(-0.01)	0.03(68.5)
310	0.02	-0.08(-0.08)	0.1(205)
310	0.01	-0.08(-0.08)	0.1(195)
320	0.02	-0.1(-0.1)	0.11(223)
320	0.02	-0.02(-0.02)	0.04(89.5)
320	0.02	-0.1(-0.1)	0.11(229)
320	0.02	-0.1(-0.1)	0.12(232)
330	0.08	-0.05(-0.05)	0.13(267)
330	0.02	-0.0(-0.0)	0.02(41.1)
330	0.09	-0.05(-0.05)	0.14(278)
330	0.1	-0.05(-0.05)	0.15(297)
340	-0.02	-0.09(-0.09)	0.08(157)
340	0.01	-0.01(-0.01)	0.02(45.8)
340	-0.01	-0.09(-0.09)	0.08(157)
340	-0.01	-0.09(-0.09)	0.08(156)
350	-0.04	-0.12(-0.12)	0.09(170)
350	-0.02	-0.05(-0.05)	0.03(61.8)
350	-0.04	-0.13(-0.13)	0.09(175)
350	-0.04	-0.12(-0.12)	0.09(173)
360	-0.03	-0.1(-0.1)	0.07(148)
360	-0.02	-0.03(-0.03)	0.02(33.7)
360	-0.04	-0.11(-0.11)	0.07(142)
360	-0.04	-0.11(-0.11)	0.07(143)
370	-0.05	-0.11(-0.11)	0.06(121)
370	-0.01	-0.02(-0.02)	0.01(24.3)
370	-0.06	-0.11(-0.11)	0.06(111)
370	-0.06	-0.11(-0.11)	0.05(108)
380	-0.1	-0.14(-0.14)	0.04(77.6)
380	-0.0	-0.01(-0.01)	0.01(13.2)
380	-0.1	-0.14(-0.14)	0.04(71.2)
380	-0.1	-0.14(-0.14)	0.04(71.6)
390	-0.07	-0.13(-0.13)	0.06(118)
390	-0.01	-0.02(-0.02)	0.01(24.9)
390	-0.08	-0.13(-0.13)	0.05(107)
390	-0.08	-0.13(-0.13)	0.05(109)
400	-0.05	-0.09(-0.09)	0.04(85.0)
400	-0.03	-0.04(-0.04)	0.01(19.1)
400	-0.09	-0.13(-0.13)	0.04(77.8)
400	-0.09	-0.13(-0.13)	0.04(78.6)
Trying to load config file configs/gaus.toml but it doesnt exist
{'toml': 'configs/gaus.toml', 'experiment': None, 'layer': 6, 'feature': 0, 'target': 0, 'seed': 6247423, 'grid': 0.1, 'lr': 0.1, 'network': 35, 'patch': 16, 'sign': 1, 'method': 'in_feat', 'dir': None, 'exp_no': '1642470784'}
Loaded pretrained weights.
#i	Loss	VTE	TV
Trying to load config file configs/gaus.toml but it doesnt exist
{'toml': 'configs/gaus.toml', 'experiment': None, 'layer': 6, 'feature': 0, 'target': 0, 'seed': 6247423, 'grid': 0.01, 'lr': 0.1, 'network': 35, 'patch': 16, 'sign': 1, 'method': 'in_feat', 'dir': None, 'exp_no': '1642470784'}
Loaded pretrained weights.
#i	Loss	VTE	TV
Trying to load config file configs/gaus.toml but it doesnt exist
{'toml': 'configs/gaus.toml', 'experiment': None, 'layer': 6, 'feature': 0, 'target': 0, 'seed': 6247423, 'grid': 1.0, 'lr': 0.1, 'network': 35, 'patch': 16, 'sign': 1, 'method': 'in_feat', 'dir': None, 'exp_no': '1642470784'}
Loaded pretrained weights.
#i	Loss	VTE	TV
Trying to load config file configs/gaus.toml but it doesnt exist
{'toml': 'configs/gaus.toml', 'experiment': None, 'layer': 6, 'feature': 0, 'target': 0, 'seed': 6247423, 'grid': 10.0, 'lr': 0.1, 'network': 35, 'patch': 16, 'sign': 1, 'method': 'in_feat', 'dir': None, 'exp_no': '1642470784'}
Loaded pretrained weights.
#i	Loss	VTE	TV
0	0.38	-0.0(-0.0)	0.38(755)
0	0.38	-0.0(-0.0)	0.38(755)
0	0.38	-0.0(-0.0)	0.38(755)
0	0.38	0.0(0.0)	0.38(755)
10	0.24	-0.02(-0.02)	0.26(515)
10	0.21	-0.02(-0.02)	0.23(467)
10	0.2	-0.03(-0.03)	0.23(463)
10	0.24	-0.02(-0.02)	0.26(518)
20	0.37	-0.01(-0.01)	0.38(752)
20	0.26	-0.02(-0.02)	0.27(548)
20	0.36	-0.01(-0.01)	0.37(739)
20	0.4	-0.0(-0.0)	0.4(803)
30	0.24	-0.03(-0.03)	0.27(546)
30	0.25	-0.03(-0.03)	0.28(554)
30	0.29	-0.01(-0.01)	0.3(596)
30	0.24	-0.03(-0.03)	0.27(537)
40	0.26	-0.03(-0.03)	0.29(585)
40	0.26	-0.03(-0.03)	0.29(576)
40	0.28	-0.03(-0.03)	0.31(613)
40	0.35	-0.01(-0.01)	0.36(716)
50	0.33	-0.01(-0.01)	0.34(680)
50	0.31	-0.01(-0.01)	0.32(649)
50	0.33	-0.02(-0.02)	0.34(682)
50	0.24	-0.02(-0.02)	0.26(511)
60	0.3	-0.01(-0.01)	0.3(610)
60	0.31	-0.01(-0.01)	0.32(630)
60	0.29	-0.0(-0.0)	0.29(584)
60	0.26	0.0(0.0)	0.26(521)
70	0.29	-0.03(-0.03)	0.32(647)
70	0.29	-0.03(-0.03)	0.33(653)
70	0.26	-0.03(-0.03)	0.29(582)
70	0.23	0.02(0.02)	0.21(416)
80	0.33	-0.02(-0.02)	0.35(704)
80	0.31	-0.02(-0.02)	0.33(664)
80	0.31	-0.01(-0.01)	0.32(649)
80	0.18	-0.01(-0.01)	0.19(374)
90	0.26	-0.02(-0.02)	0.28(567)
90	0.26	-0.02(-0.02)	0.28(557)
90	0.26	0.01(0.01)	0.25(500)
90	0.26	-0.02(-0.02)	0.28(559)
100	0.24	-0.03(-0.03)	0.27(546)
100	0.25	-0.03(-0.03)	0.27(549)
100	0.14	-0.02(-0.02)	0.16(314)
100	0.21	-0.03(-0.03)	0.24(487)
110	0.28	-0.03(-0.03)	0.3(607)
110	0.29	-0.02(-0.02)	0.31(623)
110	0.19	-0.02(-0.02)	0.2(407)
110	0.26	-0.03(-0.03)	0.29(576)
120	0.35	-0.02(-0.02)	0.37(733)
120	0.35	-0.02(-0.02)	0.37(742)
120	0.29	-0.02(-0.02)	0.31(615)
120	0.28	-0.02(-0.02)	0.3(609)
130	0.25	-0.04(-0.04)	0.28(562)
130	0.25	-0.04(-0.04)	0.29(577)
130	0.17	-0.04(-0.04)	0.2(404)
130	0.24	-0.04(-0.04)	0.27(549)
140	0.27	-0.03(-0.03)	0.3(594)
140	0.27	-0.03(-0.03)	0.3(597)
140	0.15	-0.05(-0.05)	0.19(385)
140	0.24	-0.04(-0.04)	0.28(563)
150	0.27	-0.03(-0.03)	0.3(601)
150	0.21	-0.01(-0.01)	0.22(449)
150	0.27	-0.03(-0.03)	0.3(606)
150	0.25	-0.04(-0.04)	0.29(577)
160	0.18	-0.05(-0.05)	0.23(465)
160	0.22	-0.03(-0.03)	0.25(506)
160	0.2	-0.04(-0.04)	0.24(488)
160	0.18	-0.05(-0.05)	0.23(465)
170	0.13	-0.06(-0.06)	0.19(376)
170	0.16	-0.01(-0.01)	0.18(351)
170	0.14	-0.05(-0.05)	0.19(388)
170	0.13	-0.06(-0.06)	0.19(371)
180	0.24	-0.03(-0.03)	0.26(525)
180	0.18	-0.0(-0.0)	0.18(367)
180	0.24	-0.02(-0.02)	0.26(528)
180	0.24	-0.02(-0.02)	0.27(532)
190	0.15	-0.07(-0.07)	0.23(452)
190	0.11	-0.07(-0.07)	0.18(354)
190	0.15	-0.07(-0.07)	0.23(452)
190	0.13	-0.08(-0.08)	0.21(426)
200	0.17	-0.09(-0.09)	0.26(520)
200	0.11	-0.07(-0.07)	0.18(362)
200	0.16	-0.09(-0.09)	0.26(511)
200	0.16	-0.09(-0.09)	0.25(505)
210	0.1	-0.07(-0.07)	0.16(328)
210	0.1	-0.02(-0.02)	0.12(238)
210	0.09	-0.07(-0.07)	0.16(320)
210	0.09	-0.07(-0.07)	0.17(336)
220	0.16	-0.03(-0.03)	0.19(386)
220	0.15	-0.01(-0.01)	0.16(316)
220	0.16	-0.03(-0.03)	0.19(376)
220	0.16	-0.03(-0.03)	0.2(392)
230	0.28	-0.01(-0.01)	0.29(573)
230	0.13	0.0(0.0)	0.13(260)
230	0.3	-0.0(-0.0)	0.3(608)
230	0.28	-0.01(-0.01)	0.29(586)
240	0.15	-0.06(-0.06)	0.21(411)
240	0.06	-0.03(-0.03)	0.09(175)
240	0.12	-0.06(-0.06)	0.18(369)
240	0.15	-0.06(-0.06)	0.21(411)
250	0.22	-0.05(-0.05)	0.27(533)
250	0.07	-0.05(-0.05)	0.12(242)
250	0.19	-0.05(-0.05)	0.24(486)
250	0.22	-0.05(-0.05)	0.27(546)
260	0.17	-0.05(-0.05)	0.22(447)
260	0.08	-0.04(-0.04)	0.12(236)
260	0.16	-0.05(-0.05)	0.21(429)
260	0.18	-0.05(-0.05)	0.23(461)
270	0.16	-0.06(-0.06)	0.22(432)
270	0.13	-0.04(-0.04)	0.16(323)
270	0.15	-0.06(-0.06)	0.21(417)
270	0.17	-0.06(-0.06)	0.22(447)
280	0.17	-0.06(-0.06)	0.23(452)
280	0.08	-0.02(-0.02)	0.1(204)
280	0.16	-0.05(-0.05)	0.22(433)
280	0.17	-0.06(-0.06)	0.23(452)
290	0.06	-0.1(-0.1)	0.16(319)
290	0.01	-0.07(-0.07)	0.08(168)
290	0.06	-0.1(-0.1)	0.15(310)
290	0.07	-0.1(-0.1)	0.16(326)
300	0.09	-0.07(-0.07)	0.16(316)
300	0.12	-0.03(-0.03)	0.15(298)
300	0.08	-0.07(-0.07)	0.15(299)
300	0.08	-0.07(-0.07)	0.16(313)
310	0.01	-0.11(-0.11)	0.12(240)
310	0.02	-0.06(-0.06)	0.07(150)
310	0.01	-0.11(-0.11)	0.12(236)
310	0.02	-0.11(-0.11)	0.12(249)
320	0.03	-0.11(-0.11)	0.14(288)
320	0.04	-0.11(-0.11)	0.15(291)
320	0.09	-0.05(-0.05)	0.14(281)
320	0.04	-0.11(-0.11)	0.15(293)
330	0.05	-0.09(-0.09)	0.14(276)
330	0.06	-0.08(-0.08)	0.14(274)
330	0.05	-0.06(-0.06)	0.11(212)
330	0.05	-0.09(-0.09)	0.14(272)
340	-0.0	-0.11(-0.11)	0.11(220)
340	-0.01	-0.11(-0.11)	0.1(206)
340	-0.01	-0.11(-0.11)	0.09(183)
340	-0.0	-0.11(-0.11)	0.11(214)
350	-0.06	-0.16(-0.16)	0.09(189)
350	-0.05	-0.14(-0.14)	0.09(182)
350	-0.01	-0.09(-0.09)	0.07(148)
350	-0.06	-0.15(-0.15)	0.09(189)
360	-0.05	-0.14(-0.14)	0.08(169)
360	-0.05	-0.13(-0.13)	0.09(173)
360	0.02	-0.07(-0.07)	0.09(173)
360	-0.05	-0.14(-0.14)	0.09(173)
370	-0.08	-0.14(-0.14)	0.06(122)
370	-0.08	-0.14(-0.14)	0.06(123)
370	-0.03	-0.1(-0.1)	0.06(125)
370	-0.09	-0.15(-0.15)	0.06(122)
380	-0.14	-0.18(-0.18)	0.04(78.8)
380	-0.14	-0.18(-0.18)	0.04(77.6)
380	-0.13	-0.17(-0.17)	0.04(77.1)
380	-0.14	-0.18(-0.18)	0.04(77.2)
390	-0.1	-0.16(-0.16)	0.06(119)
390	-0.1	-0.16(-0.16)	0.06(118)
390	-0.08	-0.14(-0.14)	0.06(117)
390	-0.1	-0.16(-0.16)	0.06(116)
400	-0.13	-0.17(-0.17)	0.04(86.4)
400	-0.08	-0.12(-0.12)	0.04(85.6)
400	-0.01	-0.05(-0.05)	0.04(85.2)
400	-0.13	-0.17(-0.17)	0.04(84.6)
Trying to load config file configs/gaus.toml but it doesnt exist
{'toml': 'configs/gaus.toml', 'experiment': None, 'layer': 8, 'feature': 0, 'target': 0, 'seed': 6247423, 'grid': 0.1, 'lr': 0.1, 'network': 35, 'patch': 16, 'sign': 1, 'method': 'in_feat', 'dir': None, 'exp_no': '1642470787'}
Loaded pretrained weights.
#i	Loss	VTE	TV
Trying to load config file configs/gaus.toml but it doesnt exist
{'toml': 'configs/gaus.toml', 'experiment': None, 'layer': 8, 'feature': 0, 'target': 0, 'seed': 6247423, 'grid': 10.0, 'lr': 0.1, 'network': 35, 'patch': 16, 'sign': 1, 'method': 'in_feat', 'dir': None, 'exp_no': '1642470786'}
Loaded pretrained weights.
#i	Loss	VTE	TV
Trying to load config file configs/gaus.toml but it doesnt exist
{'toml': 'configs/gaus.toml', 'experiment': None, 'layer': 8, 'feature': 0, 'target': 0, 'seed': 6247423, 'grid': 100.0, 'lr': 0.1, 'network': 35, 'patch': 16, 'sign': 1, 'method': 'in_feat', 'dir': None, 'exp_no': '1642470788'}
Loaded pretrained weights.
#i	Loss	VTE	TV
Trying to load config file configs/gaus.toml but it doesnt exist
{'toml': 'configs/gaus.toml', 'experiment': None, 'layer': 8, 'feature': 0, 'target': 0, 'seed': 6247423, 'grid': 1.0, 'lr': 0.1, 'network': 35, 'patch': 16, 'sign': 1, 'method': 'in_feat', 'dir': None, 'exp_no': '1642470785'}
Loaded pretrained weights.
#i	Loss	VTE	TV
0	0.34	-0.04(-0.04)	0.38(755)
0	0.38	-0.0(-0.0)	0.38(755)
0	0.39	0.01(0.01)	0.38(755)
0	0.35	-0.03(-0.03)	0.38(755)
10	0.2	-0.02(-0.02)	0.22(447)
10	0.26	0.0(0.0)	0.25(509)
10	0.21	-0.02(-0.02)	0.23(461)
10	0.2	-0.03(-0.03)	0.23(461)
20	0.32	-0.01(-0.01)	0.33(651)
20	0.27	-0.01(-0.01)	0.28(564)
20	0.26	-0.03(-0.03)	0.29(571)
20	0.33	-0.0(-0.0)	0.33(666)
30	0.4	0.02(0.02)	0.38(760)
30	0.23	-0.04(-0.04)	0.26(530)
30	0.24	-0.03(-0.03)	0.27(544)
30	0.26	-0.02(-0.02)	0.28(568)
40	0.38	0.01(0.01)	0.38(759)
40	0.27	-0.02(-0.02)	0.29(573)
40	0.29	-0.01(-0.01)	0.3(596)
40	0.33	-0.01(-0.01)	0.34(682)
50	0.19	0.01(0.01)	0.18(353)
50	0.28	-0.01(-0.01)	0.29(582)
50	0.27	-0.01(-0.01)	0.28(569)
50	0.24	-0.02(-0.02)	0.26(526)
60	0.22	-0.01(-0.01)	0.23(452)
60	0.29	-0.01(-0.01)	0.3(605)
60	0.28	-0.0(-0.0)	0.28(566)
60	0.26	0.0(0.0)	0.26(514)
70	0.26	0.03(0.03)	0.23(467)
70	0.25	-0.03(-0.03)	0.28(562)
70	0.26	-0.02(-0.02)	0.28(560)
70	0.21	0.01(0.01)	0.2(398)
80	0.16	-0.01(-0.01)	0.17(350)
80	0.28	-0.01(-0.01)	0.29(581)
80	0.26	0.0(0.0)	0.26(528)
80	0.18	-0.01(-0.01)	0.19(382)
90	0.32	0.02(0.02)	0.31(617)
90	0.24	-0.02(-0.02)	0.26(523)
90	0.25	-0.01(-0.01)	0.26(529)
90	0.25	0.01(0.01)	0.24(473)
100	0.19	-0.01(-0.01)	0.2(400)
100	0.19	-0.03(-0.03)	0.22(448)
100	0.13	-0.02(-0.02)	0.16(315)
100	0.18	-0.03(-0.03)	0.21(425)
110	0.21	-0.03(-0.03)	0.24(479)
110	0.25	-0.03(-0.03)	0.28(553)
110	0.19	-0.01(-0.01)	0.2(396)
110	0.26	-0.01(-0.01)	0.27(545)
120	0.25	0.01(0.01)	0.23(469)
120	0.3	-0.01(-0.01)	0.31(628)
120	0.27	-0.03(-0.03)	0.3(601)
120	0.29	-0.01(-0.01)	0.3(607)
130	0.21	-0.02(-0.02)	0.23(451)
130	0.22	-0.02(-0.02)	0.24(488)
130	0.17	-0.04(-0.04)	0.2(409)
130	0.24	-0.01(-0.01)	0.25(510)
140	0.25	-0.01(-0.01)	0.26(521)
140	0.25	-0.02(-0.02)	0.27(530)
140	0.14	-0.05(-0.05)	0.19(377)
140	0.22	-0.03(-0.03)	0.24(490)
150	0.28	-0.0(-0.0)	0.28(563)
150	0.23	-0.04(-0.04)	0.27(531)
150	0.19	-0.03(-0.03)	0.22(433)
150	0.22	-0.04(-0.04)	0.26(518)
160	0.26	0.01(0.01)	0.25(503)
160	0.19	-0.05(-0.05)	0.23(466)
160	0.21	-0.03(-0.03)	0.24(485)
160	0.22	-0.04(-0.04)	0.26(510)
170	0.18	0.01(0.01)	0.17(335)
170	0.15	-0.02(-0.02)	0.18(351)
170	0.12	-0.05(-0.05)	0.18(352)
170	0.12	-0.05(-0.05)	0.18(354)
180	0.23	0.02(0.02)	0.21(418)
180	0.18	-0.0(-0.0)	0.18(368)
180	0.2	-0.03(-0.03)	0.23(458)
180	0.2	-0.02(-0.02)	0.22(446)
190	0.24	-0.02(-0.02)	0.26(525)
190	0.11	-0.07(-0.07)	0.18(361)
190	0.12	-0.09(-0.09)	0.2(410)
190	0.11	-0.09(-0.09)	0.2(403)
200	0.21	-0.0(-0.0)	0.21(417)
200	0.11	-0.06(-0.06)	0.18(351)
200	0.15	-0.09(-0.09)	0.23(469)
200	0.15	-0.09(-0.09)	0.24(477)
210	0.14	-0.01(-0.01)	0.15(291)
210	0.09	-0.02(-0.02)	0.12(233)
210	0.08	-0.06(-0.06)	0.14(281)
210	0.09	-0.06(-0.06)	0.15(296)
220	0.16	0.02(0.02)	0.14(285)
220	0.14	-0.02(-0.02)	0.16(329)
220	0.17	-0.03(-0.03)	0.2(396)
220	0.16	-0.03(-0.03)	0.19(382)
230	0.1	-0.01(-0.01)	0.11(211)
230	0.16	0.02(0.02)	0.14(271)
230	0.26	-0.0(-0.0)	0.26(521)
230	0.25	-0.0(-0.0)	0.25(500)
240	0.07	0.02(0.02)	0.05(105)
240	0.09	-0.0(-0.0)	0.09(187)
240	0.1	-0.07(-0.07)	0.16(329)
240	0.11	-0.06(-0.06)	0.18(357)
250	0.1	-0.02(-0.02)	0.12(245)
250	0.08	-0.05(-0.05)	0.13(251)
250	0.15	-0.06(-0.06)	0.21(427)
250	0.18	-0.05(-0.05)	0.23(457)
260	0.06	-0.04(-0.04)	0.09(189)
260	0.08	-0.03(-0.03)	0.11(228)
260	0.17	-0.04(-0.04)	0.21(419)
260	0.15	-0.06(-0.06)	0.2(402)
270	0.07	0.01(0.01)	0.06(120)
270	0.07	-0.05(-0.05)	0.12(236)
270	0.09	-0.08(-0.08)	0.17(339)
270	0.11	-0.07(-0.07)	0.18(361)
280	0.06	-0.02(-0.02)	0.08(155)
280	0.08	-0.03(-0.03)	0.11(219)
280	0.15	-0.03(-0.03)	0.18(359)
280	0.16	-0.03(-0.03)	0.2(391)
290	0.05	-0.01(-0.01)	0.06(121)
290	0.02	-0.07(-0.07)	0.09(179)
290	0.04	-0.11(-0.11)	0.15(298)
290	0.04	-0.11(-0.11)	0.15(299)
300	0.07	-0.01(-0.01)	0.08(163)
300	0.08	-0.04(-0.04)	0.12(247)
300	0.07	-0.09(-0.09)	0.16(317)
300	0.06	-0.09(-0.09)	0.15(309)
310	0.02	-0.02(-0.02)	0.03(69.5)
310	0.02	-0.05(-0.05)	0.07(139)
310	-0.02	-0.14(-0.14)	0.12(236)
310	-0.03	-0.15(-0.15)	0.12(234)
320	0.01	-0.02(-0.02)	0.04(71.8)
320	0.08	-0.06(-0.06)	0.13(262)
320	0.01	-0.13(-0.13)	0.13(270)
320	0.0	-0.13(-0.13)	0.14(277)
330	0.03	0.0(0.0)	0.02(49.9)
330	0.06	-0.05(-0.05)	0.1(208)
330	0.03	-0.09(-0.09)	0.12(246)
330	0.03	-0.1(-0.1)	0.12(249)
340	0.0	-0.02(-0.02)	0.02(35.7)
340	-0.02	-0.12(-0.12)	0.1(203)
340	-0.01	-0.13(-0.13)	0.11(228)
340	-0.01	-0.12(-0.12)	0.11(220)
350	-0.02	-0.06(-0.06)	0.04(79.3)
350	-0.01	-0.09(-0.09)	0.08(165)
350	-0.07	-0.17(-0.17)	0.1(200)
350	-0.1	-0.19(-0.19)	0.09(184)
360	-0.02	-0.04(-0.04)	0.02(42.5)
360	0.01	-0.08(-0.08)	0.09(171)
360	-0.08	-0.17(-0.17)	0.09(180)
360	-0.09	-0.18(-0.18)	0.09(182)
370	-0.01	-0.03(-0.03)	0.01(29.5)
370	-0.04	-0.11(-0.11)	0.07(139)
370	-0.1	-0.17(-0.17)	0.07(140)
370	-0.11	-0.18(-0.18)	0.07(140)
380	-0.0	-0.01(-0.01)	0.01(16.0)
380	-0.16	-0.21(-0.21)	0.05(91.1)
380	-0.17	-0.22(-0.22)	0.05(93.5)
380	-0.17	-0.22(-0.22)	0.05(96.0)
390	-0.01	-0.02(-0.02)	0.02(31.7)
390	-0.1	-0.17(-0.17)	0.07(140)
390	-0.12	-0.19(-0.19)	0.07(142)
390	-0.12	-0.19(-0.19)	0.07(145)
400	-0.03	-0.04(-0.04)	0.01(23.9)
400	-0.01	-0.06(-0.06)	0.05(102)
400	-0.09	-0.15(-0.15)	0.05(104)
400	-0.15	-0.2(-0.2)	0.05(106)
Trying to load config file configs/gaus.toml but it doesnt exist
{'toml': 'configs/gaus.toml', 'experiment': None, 'layer': 10, 'feature': 0, 'target': 0, 'seed': 6247423, 'grid': 100.0, 'lr': 0.1, 'network': 35, 'patch': 16, 'sign': 1, 'method': 'in_feat', 'dir': None, 'exp_no': '1642470789'}
Loaded pretrained weights.
#i	Loss	VTE	TV
0	0.4	0.02(0.02)	0.38(755)
Trying to load config file configs/gaus.toml but it doesnt exist
{'toml': 'configs/gaus.toml', 'experiment': None, 'layer': 10, 'feature': 0, 'target': 0, 'seed': 6247423, 'grid': 1.0, 'lr': 0.1, 'network': 35, 'patch': 16, 'sign': 1, 'method': 'in_feat', 'dir': None, 'exp_no': '1642470789'}
Loaded pretrained weights.
#i	Loss	VTE	TV
Trying to load config file configs/gaus.toml but it doesnt exist
{'toml': 'configs/gaus.toml', 'experiment': None, 'layer': 10, 'feature': 0, 'target': 0, 'seed': 6247423, 'grid': 10.0, 'lr': 0.1, 'network': 35, 'patch': 16, 'sign': 1, 'method': 'in_feat', 'dir': None, 'exp_no': '1642470789'}
Loaded pretrained weights.
#i	Loss	VTE	TV
Trying to load config file configs/gaus.toml but it doesnt exist
{'toml': 'configs/gaus.toml', 'experiment': None, 'layer': 8, 'feature': 0, 'target': 0, 'seed': 6247423, 'grid': 0.01, 'lr': 0.1, 'network': 35, 'patch': 16, 'sign': 1, 'method': 'in_feat', 'dir': None, 'exp_no': '1642470789'}
Loaded pretrained weights.
#i	Loss	VTE	TV
0	0.31	-0.07(-0.07)	0.38(755)
0	0.37	-0.01(-0.01)	0.38(755)
0	0.34	-0.04(-0.04)	0.38(755)
10	0.26	0.01(0.01)	0.25(505)
10	0.21	-0.03(-0.03)	0.24(486)
10	0.2	-0.02(-0.02)	0.22(450)
10	0.17	-0.05(-0.05)	0.22(432)
20	0.27	-0.01(-0.01)	0.28(557)
20	0.32	-0.01(-0.01)	0.33(656)
20	0.34	-0.01(-0.01)	0.36(715)
20	0.28	-0.04(-0.04)	0.32(632)
30	0.4	0.03(0.03)	0.38(751)
30	0.22	-0.04(-0.04)	0.27(537)
30	0.24	-0.04(-0.04)	0.28(557)
30	0.25	-0.02(-0.02)	0.27(537)
40	0.39	0.01(0.01)	0.38(757)
40	0.3	-0.01(-0.01)	0.31(615)
40	0.31	-0.03(-0.03)	0.34(686)
40	0.34	-0.0(-0.0)	0.34(685)
50	0.27	-0.02(-0.02)	0.29(574)
50	0.21	0.02(0.02)	0.19(387)
50	0.32	-0.03(-0.03)	0.35(702)
50	0.24	-0.04(-0.04)	0.27(546)
60	0.29	-0.01(-0.01)	0.3(602)
60	0.22	-0.01(-0.01)	0.23(460)
60	0.31	-0.02(-0.02)	0.33(664)
60	0.26	0.0(0.0)	0.25(510)
70	0.25	-0.03(-0.03)	0.28(560)
70	0.27	0.04(0.04)	0.23(457)
70	0.24	-0.05(-0.05)	0.29(581)
70	0.22	-0.01(-0.01)	0.23(455)
80	0.26	-0.01(-0.01)	0.27(544)
80	0.17	-0.0(-0.0)	0.17(346)
80	0.24	-0.03(-0.03)	0.26(525)
80	0.2	-0.0(-0.0)	0.21(410)
90	0.24	-0.02(-0.02)	0.26(513)
90	0.33	0.03(0.03)	0.3(601)
90	0.24	-0.03(-0.03)	0.27(532)
90	0.25	0.01(0.01)	0.23(463)
100	0.18	-0.03(-0.03)	0.21(422)
100	0.19	-0.01(-0.01)	0.2(408)
100	0.18	-0.05(-0.05)	0.23(452)
100	0.14	-0.03(-0.03)	0.17(346)
110	0.24	-0.02(-0.02)	0.27(534)
110	0.24	-0.03(-0.03)	0.28(550)
110	0.25	-0.04(-0.04)	0.29(574)
110	0.19	-0.01(-0.01)	0.2(398)
120	0.3	-0.01(-0.01)	0.31(623)
120	0.26	0.02(0.02)	0.24(487)
120	0.3	-0.04(-0.04)	0.34(682)
120	0.27	-0.03(-0.03)	0.3(601)
130	0.23	-0.02(-0.02)	0.25(501)
130	0.19	-0.02(-0.02)	0.21(424)
130	0.22	-0.04(-0.04)	0.26(522)
130	0.15	-0.06(-0.06)	0.22(430)
140	0.25	-0.02(-0.02)	0.27(541)
140	0.23	-0.01(-0.01)	0.24(489)
140	0.23	-0.04(-0.04)	0.27(549)
140	0.14	-0.07(-0.07)	0.2(408)
150	0.24	-0.03(-0.03)	0.27(541)
150	0.29	0.0(0.0)	0.28(566)
150	0.23	-0.05(-0.05)	0.29(570)
150	0.2	-0.03(-0.03)	0.23(460)
160	0.19	-0.05(-0.05)	0.23(467)
160	0.27	0.02(0.02)	0.26(513)
160	0.19	-0.06(-0.06)	0.25(508)
160	0.21	-0.04(-0.04)	0.25(508)
170	0.11	-0.06(-0.06)	0.17(342)
170	0.21	0.02(0.02)	0.19(388)
170	0.11	-0.08(-0.08)	0.19(372)
170	0.14	-0.03(-0.03)	0.17(331)
180	0.2	-0.03(-0.03)	0.23(464)
180	0.22	0.03(0.03)	0.19(370)
180	0.21	-0.04(-0.04)	0.25(496)
180	0.22	0.0(0.0)	0.22(432)
190	0.11	-0.09(-0.09)	0.2(395)
190	0.22	-0.02(-0.02)	0.24(479)
190	0.1	-0.12(-0.12)	0.23(451)
190	0.05	-0.14(-0.14)	0.19(380)
200	0.14	-0.09(-0.09)	0.24(471)
200	0.25	0.0(0.0)	0.24(489)
200	0.13	-0.13(-0.13)	0.26(515)
200	0.07	-0.11(-0.11)	0.18(357)
210	0.08	-0.07(-0.07)	0.15(294)
210	0.15	-0.0(-0.0)	0.16(311)
210	0.19	-0.03(-0.03)	0.22(437)
210	0.09	-0.04(-0.04)	0.13(269)
220	0.17	-0.03(-0.03)	0.21(410)
220	0.18	0.03(0.03)	0.15(292)
220	0.17	-0.06(-0.06)	0.22(442)
220	0.17	-0.01(-0.01)	0.18(361)
230	0.25	-0.01(-0.01)	0.25(509)
230	0.08	0.0(0.0)	0.08(163)
230	0.24	-0.03(-0.03)	0.26(524)
230	0.17	0.01(0.01)	0.16(315)
240	0.11	-0.06(-0.06)	0.18(351)
240	0.09	0.02(0.02)	0.07(142)
240	0.14	-0.07(-0.07)	0.21(421)
240	0.11	-0.01(-0.01)	0.11(226)
250	0.15	-0.06(-0.06)	0.21(428)
250	0.09	-0.02(-0.02)	0.11(216)
250	0.17	-0.08(-0.08)	0.25(494)
250	0.09	-0.08(-0.08)	0.18(351)
260	0.14	-0.05(-0.05)	0.2(397)
260	0.04	-0.04(-0.04)	0.08(152)
260	0.17	-0.06(-0.06)	0.23(455)
270	0.11	-0.06(-0.06)	0.18(353)
260	0.08	-0.06(-0.06)	0.14(288)
270	0.09	0.02(0.02)	0.07(138)
270	0.09	-0.1(-0.1)	0.19(374)
280	0.14	-0.03(-0.03)	0.18(355)
270	0.12	-0.04(-0.04)	0.16(311)
280	0.06	-0.02(-0.02)	0.08(154)
280	0.16	-0.06(-0.06)	0.21(424)
290	0.04	-0.11(-0.11)	0.15(309)
280	0.09	-0.05(-0.05)	0.14(283)
290	0.05	-0.0(-0.0)	0.06(119)
290	0.02	-0.14(-0.14)	0.15(302)
300	0.06	-0.09(-0.09)	0.15(305)
290	0.02	-0.1(-0.1)	0.12(240)
300	0.07	-0.0(-0.0)	0.07(139)
300	0.09	-0.09(-0.09)	0.19(374)
310	-0.03	-0.14(-0.14)	0.11(230)
300	0.09	-0.06(-0.06)	0.15(301)
310	0.01	-0.02(-0.02)	0.03(59.6)
320	0.0	-0.13(-0.13)	0.13(267)
310	-0.05	-0.16(-0.16)	0.11(228)
310	0.01	-0.08(-0.08)	0.08(164)
330	0.05	-0.09(-0.09)	0.13(268)
320	0.02	-0.02(-0.02)	0.04(71.7)
320	-0.01	-0.16(-0.16)	0.15(297)
320	0.06	-0.08(-0.08)	0.14(283)
340	-0.0	-0.12(-0.12)	0.12(233)
330	0.03	0.01(0.01)	0.02(45.4)
330	0.03	-0.11(-0.11)	0.13(269)
330	0.09	-0.06(-0.06)	0.15(300)
350	-0.09	-0.18(-0.18)	0.1(190)
340	0.0	-0.02(-0.02)	0.02(42.6)
340	-0.04	-0.16(-0.16)	0.13(254)
340	-0.03	-0.14(-0.14)	0.11(211)
360	-0.09	-0.18(-0.18)	0.09(173)
350	-0.01	-0.07(-0.07)	0.06(112)
350	-0.1	-0.21(-0.21)	0.11(221)
350	-0.02	-0.11(-0.11)	0.1(191)
370	-0.11	-0.18(-0.18)	0.07(142)
360	-0.01	-0.04(-0.04)	0.03(69.3)
360	-0.1	-0.2(-0.2)	0.11(215)
360	-0.02	-0.11(-0.11)	0.09(190)
380	-0.17	-0.22(-0.22)	0.05(96.7)
370	-0.01	-0.04(-0.04)	0.02(49.7)
370	-0.11	-0.2(-0.2)	0.09(189)
370	-0.05	-0.13(-0.13)	0.08(160)
390	-0.11	-0.19(-0.19)	0.07(145)
380	-0.02	-0.04(-0.04)	0.02(31.7)
380	-0.21	-0.28(-0.28)	0.07(133)
380	-0.17	-0.23(-0.23)	0.06(126)
400	-0.14	-0.19(-0.19)	0.05(105)
390	-0.02	-0.04(-0.04)	0.03(54.4)
390	-0.14	-0.24(-0.24)	0.1(201)
390	-0.11	-0.21(-0.21)	0.1(192)
400	-0.03	-0.05(-0.05)	0.02(40.6)
400	-0.11	-0.19(-0.19)	0.07(147)
400	0.0	-0.07(-0.07)	0.07(140)
no job
no job
Trying to load config file configs/gaus.toml but it doesnt exist
{'toml': 'configs/gaus.toml', 'experiment': None, 'layer': 10, 'feature': 0, 'target': 0, 'seed': 6247423, 'grid': 0.01, 'lr': 0.1, 'network': 35, 'patch': 16, 'sign': 1, 'method': 'in_feat', 'dir': None, 'exp_no': '1642470790'}
Loaded pretrained weights.
#i	Loss	VTE	TV
Trying to load config file configs/gaus.toml but it doesnt exist
{'toml': 'configs/gaus.toml', 'experiment': None, 'layer': 10, 'feature': 0, 'target': 0, 'seed': 6247423, 'grid': 0.1, 'lr': 0.1, 'network': 35, 'patch': 16, 'sign': 1, 'method': 'in_feat', 'dir': None, 'exp_no': '1642470791'}
Loaded pretrained weights.
#i	Loss	VTE	TV
0	0.29	-0.08(-0.08)	0.38(755)
0	0.29	-0.08(-0.08)	0.38(755)
10	0.2	-0.04(-0.04)	0.25(493)
10	0.21	-0.04(-0.04)	0.25(506)
20	0.32	-0.02(-0.02)	0.35(695)
20	0.32	-0.02(-0.02)	0.34(687)
30	0.21	-0.06(-0.06)	0.27(547)
30	0.23	-0.06(-0.06)	0.28(564)
40	0.25	-0.05(-0.05)	0.3(595)
40	0.26	-0.04(-0.04)	0.3(606)
50	0.26	-0.04(-0.04)	0.31(611)
50	0.25	-0.05(-0.05)	0.3(595)
60	0.29	-0.04(-0.04)	0.32(650)
60	0.3	-0.04(-0.04)	0.34(674)
70	0.23	-0.06(-0.06)	0.29(574)
70	0.22	-0.06(-0.06)	0.28(558)
80	0.26	-0.03(-0.03)	0.29(582)
80	0.25	-0.03(-0.03)	0.28(563)
90	0.25	-0.03(-0.03)	0.28(565)
90	0.24	-0.03(-0.03)	0.27(534)
100	0.18	-0.05(-0.05)	0.23(453)
100	0.19	-0.05(-0.05)	0.24(479)
110	0.24	-0.04(-0.04)	0.28(552)
110	0.26	-0.03(-0.03)	0.29(579)
120	0.32	-0.04(-0.04)	0.35(710)
120	0.31	-0.03(-0.03)	0.34(681)
130	0.2	-0.05(-0.05)	0.25(508)
130	0.2	-0.05(-0.05)	0.26(510)
140	0.24	-0.04(-0.04)	0.28(551)
140	0.23	-0.04(-0.04)	0.28(552)
150	0.23	-0.05(-0.05)	0.29(574)
150	0.24	-0.05(-0.05)	0.29(580)
160	0.19	-0.08(-0.08)	0.27(541)
160	0.19	-0.07(-0.07)	0.26(519)
170	0.1	-0.09(-0.09)	0.19(383)
170	0.1	-0.09(-0.09)	0.2(397)
180	0.2	-0.05(-0.05)	0.25(498)
180	0.2	-0.05(-0.05)	0.25(506)
190	0.1	-0.13(-0.13)	0.23(455)
190	0.1	-0.12(-0.12)	0.23(457)
200	0.14	-0.12(-0.12)	0.27(536)
200	0.2	-0.1(-0.1)	0.3(607)
210	0.08	-0.1(-0.1)	0.18(358)
210	0.07	-0.1(-0.1)	0.17(341)
220	0.19	-0.04(-0.04)	0.23(470)
220	0.19	-0.04(-0.04)	0.23(460)
230	0.26	-0.03(-0.03)	0.29(571)
230	0.25	-0.03(-0.03)	0.27(548)
240	0.13	-0.09(-0.09)	0.21(428)
240	0.11	-0.09(-0.09)	0.2(399)
250	0.18	-0.09(-0.09)	0.26(525)
250	0.16	-0.09(-0.09)	0.24(488)
260	0.18	-0.06(-0.06)	0.24(475)
260	0.17	-0.06(-0.06)	0.24(471)
270	0.15	-0.09(-0.09)	0.24(482)
270	0.14	-0.08(-0.08)	0.22(440)
280	0.16	-0.06(-0.06)	0.22(436)
280	0.16	-0.06(-0.06)	0.22(432)
290	0.03	-0.13(-0.13)	0.16(329)
290	0.02	-0.14(-0.14)	0.16(314)
300	0.1	-0.09(-0.09)	0.19(376)
300	0.08	-0.09(-0.09)	0.18(354)
310	-0.07	-0.19(-0.19)	0.11(229)
310	-0.07	-0.18(-0.18)	0.11(218)
320	-0.01	-0.17(-0.17)	0.15(309)
320	-0.03	-0.18(-0.18)	0.15(294)
330	0.04	-0.11(-0.11)	0.15(291)
330	0.04	-0.11(-0.11)	0.15(303)
340	-0.04	-0.17(-0.17)	0.13(256)
340	-0.01	-0.15(-0.15)	0.14(287)
350	-0.11	-0.23(-0.23)	0.11(226)
350	-0.12	-0.24(-0.24)	0.12(234)
360	-0.09	-0.2(-0.2)	0.11(225)
360	-0.11	-0.22(-0.22)	0.11(214)
370	-0.12	-0.22(-0.22)	0.09(189)
370	-0.12	-0.22(-0.22)	0.1(197)
380	-0.22	-0.28(-0.28)	0.07(130)
380	-0.21	-0.28(-0.28)	0.07(135)
390	-0.15	-0.25(-0.25)	0.1(199)
390	-0.15	-0.25(-0.25)	0.1(205)
400	-0.18	-0.25(-0.25)	0.07(146)
400	-0.17	-0.24(-0.24)	0.08(151)
