Trying to load config file configs/lr_rate.toml but it doesnt exist
{'toml': 'configs/lr_rate.toml', 'experiment': None, 'layer': 3, 'feature': 0, 'target': 0, 'seed': 6247423, 'grid': 10.0, 'lr': 0.01, 'network': 35, 'patch': 16, 'sign': 1, 'method': 'in_feat', 'dir': None, 'exp_no': '1640809418'}
Loaded pretrained weights.
#i	Loss	VTE	TV
Trying to load config file configs/lr_rate.toml but it doesnt exist
{'toml': 'configs/lr_rate.toml', 'experiment': None, 'layer': 3, 'feature': 0, 'target': 0, 'seed': 6247423, 'grid': 1.0, 'lr': 0.01, 'network': 35, 'patch': 16, 'sign': 1, 'method': 'in_feat', 'dir': None, 'exp_no': '1640809418'}
Loaded pretrained weights.
#i	Loss	VTE	TV
0	3.78	0.01(0.01)	3.78(755)
0	0.38	0.01(0.01)	0.38(755)
Trying to load config file configs/lr_rate.toml but it doesnt exist
{'toml': 'configs/lr_rate.toml', 'experiment': None, 'layer': 3, 'feature': 0, 'target': 0, 'seed': 6247423, 'grid': 0.1, 'lr': 0.01, 'network': 35, 'patch': 16, 'sign': 1, 'method': 'in_feat', 'dir': None, 'exp_no': '1640809418'}
Loaded pretrained weights.
#i	Loss	VTE	TV
0	0.04	0.01(0.01)	0.04(755)
Trying to load config file configs/lr_rate.toml but it doesnt exist
{'toml': 'configs/lr_rate.toml', 'experiment': None, 'layer': 3, 'feature': 0, 'target': 0, 'seed': 6247423, 'grid': 0.01, 'lr': 0.01, 'network': 35, 'patch': 16, 'sign': 1, 'method': 'in_feat', 'dir': None, 'exp_no': '1640809418'}
Loaded pretrained weights.
#i	Loss	VTE	TV
0	0.01	0.01(0.01)	0.0(755)
10	0.01	-0.02(-0.02)	0.03(586)
10	2.16	-0.01(-0.01)	2.16(433)
10	0.23	-0.01(-0.01)	0.24(483)
10	-0.01	-0.02(-0.02)	0.0(602)
20	0.02	-0.02(-0.02)	0.04(832)
20	2.1	-0.0(-0.0)	2.1(420)
20	-0.01	-0.02(-0.02)	0.0(875)
20	0.26	-0.02(-0.02)	0.27(549)
30	0.01	-0.02(-0.02)	0.03(666)
30	0.95	-0.01(-0.01)	0.96(193)
30	-0.02	-0.02(-0.02)	0.0(719)
30	0.14	-0.02(-0.02)	0.16(330)
40	0.01	-0.03(-0.03)	0.03(693)
40	-0.02	-0.03(-0.03)	0.0(770)
40	0.32	-0.01(-0.01)	0.33(65.9)
40	0.09	-0.03(-0.03)	0.11(226)
50	-0.01	-0.05(-0.05)	0.03(650)
50	-0.04	-0.04(-0.04)	0.0(745)
50	0.05	-0.01(-0.01)	0.06(12.7)
50	0.02	-0.04(-0.04)	0.06(119)
60	0.02	-0.01(-0.01)	0.03(612)
60	-0.01	-0.01(-0.01)	0.0(722)
60	0.04	-0.0(-0.0)	0.04(7.65)
60	0.03	-0.01(-0.01)	0.04(71.3)
70	0.0	-0.03(-0.03)	0.03(541)
70	-0.02	-0.02(-0.02)	0.0(656)
70	0.02	-0.01(-0.01)	0.03(6.07)
70	0.0	-0.02(-0.02)	0.03(50.2)
80	-0.01	-0.04(-0.04)	0.03(537)
80	-0.04	-0.04(-0.04)	0.0(670)
80	0.02	-0.01(-0.01)	0.03(5.89)
80	-0.01	-0.03(-0.03)	0.02(46.4)
90	-0.02	-0.02(-0.02)	0.0(615)
90	0.0	-0.02(-0.02)	0.02(479)
90	0.01	-0.01(-0.01)	0.02(40.1)
90	0.05	0.01(0.01)	0.04(8.52)
100	-0.05	-0.05(-0.05)	0.0(591)
100	-0.03	-0.06(-0.06)	0.02(443)
100	-0.02	-0.04(-0.04)	0.02(37.9)
100	0.01	-0.02(-0.02)	0.04(7.27)
110	-0.05	-0.05(-0.05)	0.0(639)
110	-0.03	-0.06(-0.06)	0.02(464)
110	-0.04	-0.06(-0.06)	0.02(44.5)
110	0.0	-0.02(-0.02)	0.02(4.71)
120	-0.03	-0.03(-0.03)	0.0(821)
120	-0.0	-0.03(-0.03)	0.03(577)
120	-0.0	-0.03(-0.03)	0.03(59.7)
120	0.03	-0.0(-0.0)	0.03(5.74)
130	-0.07	-0.07(-0.07)	0.0(640)
130	-0.05	-0.07(-0.07)	0.02(435)
130	-0.05	-0.07(-0.07)	0.03(50.4)
130	-0.01	-0.03(-0.03)	0.02(4.46)
140	-0.06	-0.07(-0.07)	0.0(638)
140	-0.05	-0.07(-0.07)	0.02(420)
140	-0.03	-0.06(-0.06)	0.03(56.7)
140	0.01	-0.02(-0.02)	0.03(5.08)
150	-0.04	-0.04(-0.04)	0.0(670)
150	-0.02	-0.04(-0.04)	0.02(429)
150	-0.01	-0.04(-0.04)	0.03(60.0)
150	0.02	-0.01(-0.01)	0.03(5.51)
160	-0.03	-0.04(-0.04)	0.0(641)
160	-0.02	-0.04(-0.04)	0.02(397)
160	-0.0	-0.03(-0.03)	0.03(52.4)
160	0.01	-0.02(-0.02)	0.03(5.17)
170	-0.05	-0.06(-0.06)	0.0(507)
170	-0.04	-0.06(-0.06)	0.02(304)
170	-0.03	-0.05(-0.05)	0.02(40.3)
170	0.01	-0.01(-0.01)	0.02(4.01)
180	-0.05	-0.05(-0.05)	0.0(651)
180	-0.04	-0.06(-0.06)	0.02(376)
180	-0.02	-0.04(-0.04)	0.03(53.5)
180	0.01	-0.01(-0.01)	0.02(3.83)
190	-0.05	-0.07(-0.07)	0.02(320)
190	-0.06	-0.06(-0.06)	0.0(566)
190	-0.02	-0.05(-0.05)	0.02(47.0)
190	0.0	-0.02(-0.02)	0.02(3.42)
200	-0.05	-0.07(-0.07)	0.02(362)
200	-0.06	-0.07(-0.07)	0.0(660)
200	-0.04	-0.07(-0.07)	0.03(57.5)
200	0.01	-0.02(-0.02)	0.02(4.23)
210	-0.08	-0.09(-0.09)	0.01(245)
210	-0.08	-0.08(-0.08)	0.0(456)
210	-0.06	-0.08(-0.08)	0.02(41.9)
210	-0.02	-0.03(-0.03)	0.01(2.31)
220	-0.06	-0.07(-0.07)	0.02(326)
220	-0.07	-0.07(-0.07)	0.0(622)
220	-0.04	-0.07(-0.07)	0.03(56.3)
220	-0.0	-0.02(-0.02)	0.02(3.13)
230	-0.02	-0.04(-0.04)	0.02(371)
230	-0.04	-0.04(-0.04)	0.0(716)
230	-0.01	-0.04(-0.04)	0.03(63.6)
230	0.01	-0.01(-0.01)	0.02(3.72)
240	-0.07	-0.09(-0.09)	0.01(245)
240	-0.08	-0.08(-0.08)	0.0(485)
240	-0.05	-0.07(-0.07)	0.02(42.1)
240	-0.01	-0.02(-0.02)	0.01(1.92)
250	-0.05	-0.07(-0.07)	0.02(308)
250	-0.06	-0.06(-0.06)	0.0(623)
250	-0.03	-0.06(-0.06)	0.03(57.5)
250	-0.01	-0.02(-0.02)	0.01(2.35)
260	-0.03	-0.05(-0.05)	0.02(325)
260	-0.04	-0.05(-0.05)	0.0(664)
260	-0.01	-0.04(-0.04)	0.03(58.5)
260	0.01	0.0(0.0)	0.01(2.31)
270	-0.07	-0.08(-0.08)	0.01(288)
270	-0.07	-0.08(-0.08)	0.0(597)
270	-0.07	-0.09(-0.09)	0.03(54.3)
270	-0.02	-0.03(-0.03)	0.01(1.8)
280	-0.04	-0.06(-0.06)	0.02(315)
280	-0.05	-0.06(-0.06)	0.0(663)
280	-0.01	-0.04(-0.04)	0.03(59.2)
280	-0.0	-0.01(-0.01)	0.01(1.9)
290	-0.06	-0.07(-0.07)	0.01(274)
290	-0.07	-0.07(-0.07)	0.0(588)
290	-0.05	-0.07(-0.07)	0.02(49.1)
290	-0.02	-0.03(-0.03)	0.01(1.51)
300	-0.06	-0.08(-0.08)	0.02(319)
300	-0.07	-0.07(-0.07)	0.0(686)
300	-0.05	-0.08(-0.08)	0.03(57.0)
300	-0.02	-0.02(-0.02)	0.01(1.61)
310	-0.07	-0.08(-0.08)	0.01(207)
310	-0.08	-0.08(-0.08)	0.0(451)
310	-0.05	-0.07(-0.07)	0.02(36.4)
310	-0.02	-0.02(-0.02)	0.0(0.86)
320	-0.09	-0.1(-0.1)	0.01(260)
320	-0.1	-0.1(-0.1)	0.0(568)
320	-0.07	-0.1(-0.1)	0.02(45.0)
320	-0.03	-0.04(-0.04)	0.01(1.04)
330	-0.05	-0.06(-0.06)	0.01(279)
330	-0.06	-0.06(-0.06)	0.0(603)
330	-0.03	-0.06(-0.06)	0.02(48.7)
330	-0.01	-0.01(-0.01)	0.0(0.97)
340	-0.06	-0.07(-0.07)	0.01(272)
340	-0.06	-0.06(-0.06)	0.0(599)
340	-0.04	-0.06(-0.06)	0.02(47.7)
340	-0.01	-0.01(-0.01)	0.0(0.96)
350	-0.08	-0.1(-0.1)	0.01(253)
350	-0.09	-0.09(-0.09)	0.0(561)
350	-0.07	-0.09(-0.09)	0.02(45.4)
350	-0.02	-0.03(-0.03)	0.0(0.9)
360	-0.07	-0.09(-0.09)	0.01(292)
360	-0.08	-0.08(-0.08)	0.0(643)
360	-0.07	-0.09(-0.09)	0.03(50.2)
370	-0.07	-0.08(-0.08)	0.01(272)
360	-0.03	-0.03(-0.03)	0.0(0.93)
370	-0.07	-0.08(-0.08)	0.0(598)
370	-0.05	-0.08(-0.08)	0.02(49.3)
380	-0.1	-0.11(-0.11)	0.01(209)
370	-0.02	-0.02(-0.02)	0.0(0.9)
380	-0.11	-0.11(-0.11)	0.0(468)
380	-0.08	-0.1(-0.1)	0.02(36.8)
390	-0.07	-0.09(-0.09)	0.02(328)
380	-0.02	-0.02(-0.02)	0.0(0.7)
390	-0.08	-0.08(-0.08)	0.0(725)
390	-0.08	-0.11(-0.11)	0.03(59.8)
400	-0.04	-0.05(-0.05)	0.01(243)
390	-0.02	-0.03(-0.03)	0.01(1.11)
400	-0.05	-0.05(-0.05)	0.0(534)
400	-0.01	-0.04(-0.04)	0.02(44.2)
400	-0.01	-0.01(-0.01)	0.0(0.79)
Trying to load config file configs/lr_rate.toml but it doesnt exist
{'toml': 'configs/lr_rate.toml', 'experiment': None, 'layer': 3, 'feature': 0, 'target': 0, 'seed': 6247423, 'grid': 0.1, 'lr': 0.03, 'network': 35, 'patch': 16, 'sign': 1, 'method': 'in_feat', 'dir': None, 'exp_no': '1640809429'}
Loaded pretrained weights.
#i	Loss	VTE	TV
0	0.04	0.01(0.01)	0.04(755)
Trying to load config file configs/lr_rate.toml but it doesnt exist
{'toml': 'configs/lr_rate.toml', 'experiment': None, 'layer': 3, 'feature': 0, 'target': 0, 'seed': 6247423, 'grid': 1.0, 'lr': 0.03, 'network': 35, 'patch': 16, 'sign': 1, 'method': 'in_feat', 'dir': None, 'exp_no': '1640809429'}
Loaded pretrained weights.
#i	Loss	VTE	TV
Trying to load config file configs/lr_rate.toml but it doesnt exist
{'toml': 'configs/lr_rate.toml', 'experiment': None, 'layer': 3, 'feature': 0, 'target': 0, 'seed': 6247423, 'grid': 10.0, 'lr': 0.03, 'network': 35, 'patch': 16, 'sign': 1, 'method': 'in_feat', 'dir': None, 'exp_no': '1640809429'}
Loaded pretrained weights.
#i	Loss	VTE	TV
Trying to load config file configs/lr_rate.toml but it doesnt exist
{'toml': 'configs/lr_rate.toml', 'experiment': None, 'layer': 3, 'feature': 0, 'target': 0, 'seed': 6247423, 'grid': 0.01, 'lr': 0.03, 'network': 35, 'patch': 16, 'sign': 1, 'method': 'in_feat', 'dir': None, 'exp_no': '1640809429'}
Loaded pretrained weights.
#i	Loss	VTE	TV
0	0.38	0.01(0.01)	0.38(755)
0	3.78	0.01(0.01)	3.78(755)
0	0.01	0.01(0.01)	0.0(755)
10	-0.0	-0.03(-0.03)	0.03(546)
10	0.1	-0.03(-0.03)	0.13(262)
10	-0.03	-0.03(-0.03)	0.0(590)
10	0.74	-0.01(-0.01)	0.75(149)
20	0.01	-0.03(-0.03)	0.04(716)
20	0.02	-0.03(-0.03)	0.05(99.6)
20	0.15	-0.01(-0.01)	0.16(31.6)
20	-0.02	-0.03(-0.03)	0.0(839)
30	-0.01	-0.03(-0.03)	0.03(526)
30	0.0	-0.03(-0.03)	0.04(70.4)
30	0.1	-0.01(-0.01)	0.11(22.9)
30	-0.03	-0.03(-0.03)	0.0(675)
40	-0.02	-0.04(-0.04)	0.02(491)
40	-0.0	-0.04(-0.04)	0.03(64.6)
40	0.16	-0.01(-0.01)	0.17(34.9)
40	-0.03	-0.04(-0.04)	0.0(707)
50	-0.04	-0.06(-0.06)	0.02(411)
50	-0.02	-0.06(-0.06)	0.04(73.4)
50	0.1	-0.02(-0.02)	0.11(22.6)
50	-0.05	-0.06(-0.06)	0.0(672)
60	-0.0	-0.02(-0.02)	0.02(351)
60	0.03	-0.01(-0.01)	0.04(76.0)
60	0.06	-0.0(-0.0)	0.06(12.9)
60	-0.01	-0.02(-0.02)	0.0(640)
70	-0.02	-0.03(-0.03)	0.01(289)
70	0.01	-0.03(-0.03)	0.04(75.0)
70	0.07	-0.01(-0.01)	0.08(16.5)
70	-0.03	-0.03(-0.03)	0.0(574)
80	-0.03	-0.05(-0.05)	0.01(270)
80	0.0	-0.04(-0.04)	0.04(77.3)
80	0.11	-0.01(-0.01)	0.12(23.6)
80	-0.04	-0.05(-0.05)	0.0(578)
90	-0.03	-0.04(-0.04)	0.01(228)
90	0.01	-0.02(-0.02)	0.03(63.4)
90	0.1	0.01(0.01)	0.09(18.0)
90	-0.03	-0.04(-0.04)	0.0(523)
100	-0.05	-0.06(-0.06)	0.01(200)
100	-0.01	-0.05(-0.05)	0.03(64.0)
100	0.15	-0.02(-0.02)	0.17(34.7)
100	-0.06	-0.06(-0.06)	0.0(493)
110	-0.05	-0.06(-0.06)	0.01(215)
110	-0.03	-0.07(-0.07)	0.04(73.0)
110	0.05	-0.02(-0.02)	0.08(15.6)
110	-0.06	-0.06(-0.06)	0.0(526)
120	-0.03	-0.04(-0.04)	0.01(276)
120	0.01	-0.04(-0.04)	0.05(98.6)
120	0.08	-0.01(-0.01)	0.08(16.6)
120	-0.03	-0.04(-0.04)	0.0(669)
130	-0.07	-0.08(-0.08)	0.01(223)
130	-0.04	-0.08(-0.08)	0.05(97.7)
130	0.03	-0.04(-0.04)	0.06(13.0)
130	-0.07	-0.08(-0.08)	0.0(515)
140	-0.07	-0.08(-0.08)	0.01(230)
140	-0.03	-0.07(-0.07)	0.04(87.9)
140	0.05	-0.02(-0.02)	0.07(13.5)
140	-0.07	-0.08(-0.08)	0.0(506)
150	-0.04	-0.05(-0.05)	0.01(251)
150	0.01	-0.04(-0.04)	0.05(102)
150	0.06	-0.01(-0.01)	0.07(14.5)
150	-0.05	-0.05(-0.05)	0.0(527)
160	-0.03	-0.04(-0.04)	0.01(235)
160	0.0	-0.04(-0.04)	0.04(78.1)
160	0.07	-0.02(-0.02)	0.09(17.1)
160	-0.04	-0.04(-0.04)	0.0(500)
170	-0.06	-0.07(-0.07)	0.01(177)
170	-0.03	-0.06(-0.06)	0.03(56.3)
170	0.05	-0.01(-0.01)	0.06(12.8)
170	-0.07	-0.07(-0.07)	0.0(391)
180	-0.05	-0.06(-0.06)	0.01(235)
180	-0.01	-0.05(-0.05)	0.04(82.2)
180	0.04	-0.01(-0.01)	0.05(10.7)
180	-0.06	-0.06(-0.06)	0.0(497)
190	-0.07	-0.08(-0.08)	0.01(205)
190	-0.03	-0.06(-0.06)	0.03(67.5)
190	0.04	-0.02(-0.02)	0.06(11.0)
190	-0.08	-0.08(-0.08)	0.0(431)
200	-0.07	-0.09(-0.09)	0.01(242)
200	-0.03	-0.08(-0.08)	0.05(92.6)
200	0.05	-0.02(-0.02)	0.07(14.2)
200	-0.08	-0.08(-0.08)	0.0(497)
210	-0.09	-0.1(-0.1)	0.01(167)
210	-0.06	-0.09(-0.09)	0.03(65.5)
210	-0.09	-0.09(-0.09)	0.0(340)
210	0.0	-0.04(-0.04)	0.04(7.25)
220	-0.07	-0.08(-0.08)	0.01(223)
220	-0.04	-0.07(-0.07)	0.04(74.1)
220	-0.07	-0.08(-0.08)	0.0(459)
220	0.03	-0.02(-0.02)	0.05(9.47)
230	-0.04	-0.05(-0.05)	0.01(253)
230	0.0	-0.04(-0.04)	0.05(93.8)
230	-0.04	-0.04(-0.04)	0.0(528)
230	0.08	-0.01(-0.01)	0.09(18.6)
240	-0.05	-0.08(-0.08)	0.03(66.6)
240	-0.08	-0.09(-0.09)	0.01(169)
240	-0.09	-0.09(-0.09)	0.0(353)
240	0.0	-0.02(-0.02)	0.03(5.12)
250	-0.03	-0.07(-0.07)	0.04(83.6)
250	-0.07	-0.08(-0.08)	0.01(216)
250	-0.07	-0.07(-0.07)	0.0(451)
250	0.01	-0.03(-0.03)	0.03(6.3)
260	-0.01	-0.05(-0.05)	0.04(75.7)
260	-0.05	-0.06(-0.06)	0.01(225)
260	-0.05	-0.06(-0.06)	0.0(479)
260	0.03	-0.0(-0.0)	0.03(5.71)
270	-0.06	-0.09(-0.09)	0.03(68.1)
270	-0.07	-0.08(-0.08)	0.01(200)
270	-0.08	-0.08(-0.08)	0.0(429)
270	-0.01	-0.03(-0.03)	0.02(4.33)
280	-0.01	-0.05(-0.05)	0.04(73.3)
280	-0.05	-0.07(-0.07)	0.01(218)
280	-0.06	-0.07(-0.07)	0.0(473)
280	0.01	-0.02(-0.02)	0.02(4.75)
290	-0.05	-0.08(-0.08)	0.03(58.2)
290	-0.07	-0.08(-0.08)	0.01(188)
290	-0.08	-0.08(-0.08)	0.0(417)
290	-0.01	-0.03(-0.03)	0.02(4.1)
300	-0.05	-0.08(-0.08)	0.03(65.8)
300	-0.08	-0.09(-0.09)	0.01(216)
300	-0.08	-0.08(-0.08)	0.0(486)
300	-0.01	-0.03(-0.03)	0.02(4.28)
310	-0.05	-0.07(-0.07)	0.02(41.7)
310	-0.08	-0.09(-0.09)	0.01(138)
310	-0.08	-0.08(-0.08)	0.0(318)
310	-0.01	-0.02(-0.02)	0.01(2.2)
320	-0.07	-0.1(-0.1)	0.03(52.0)
320	-0.1	-0.11(-0.11)	0.01(172)
320	-0.1	-0.1(-0.1)	0.0(399)
320	-0.03	-0.04(-0.04)	0.01(2.37)
330	-0.04	-0.06(-0.06)	0.03(55.3)
330	-0.07	-0.07(-0.07)	0.01(182)
330	-0.07	-0.07(-0.07)	0.0(425)
330	-0.0	-0.01(-0.01)	0.01(2.09)
340	-0.04	-0.07(-0.07)	0.03(54.4)
340	-0.07	-0.08(-0.08)	0.01(178)
340	-0.07	-0.08(-0.08)	0.0(419)
340	-0.01	-0.02(-0.02)	0.01(1.8)
350	-0.07	-0.1(-0.1)	0.03(51.5)
350	-0.1	-0.11(-0.11)	0.01(166)
350	-0.1	-0.1(-0.1)	0.0(391)
350	-0.02	-0.03(-0.03)	0.01(1.59)
360	-0.07	-0.09(-0.09)	0.03(56.8)
360	-0.09	-0.1(-0.1)	0.01(189)
360	-0.09	-0.09(-0.09)	0.0(450)
360	-0.03	-0.04(-0.04)	0.01(1.62)
370	-0.06	-0.08(-0.08)	0.03(55.1)
370	-0.08	-0.09(-0.09)	0.01(176)
370	-0.08	-0.08(-0.08)	0.0(418)
370	-0.02	-0.02(-0.02)	0.01(1.51)
380	-0.09	-0.11(-0.11)	0.02(41.5)
380	-0.11	-0.12(-0.12)	0.01(136)
380	-0.11	-0.11(-0.11)	0.0(325)
380	-0.02	-0.03(-0.03)	0.01(1.17)
390	-0.08	-0.11(-0.11)	0.03(66.8)
390	-0.09	-0.1(-0.1)	0.01(213)
390	-0.09	-0.1(-0.1)	0.0(506)
390	-0.03	-0.03(-0.03)	0.01(1.84)
400	-0.01	-0.04(-0.04)	0.02(49.2)
400	-0.05	-0.06(-0.06)	0.01(157)
400	-0.06	-0.06(-0.06)	0.0(373)
400	-0.0	-0.01(-0.01)	0.01(1.33)
Trying to load config file configs/lr_rate.toml but it doesnt exist
{'toml': 'configs/lr_rate.toml', 'experiment': None, 'layer': 3, 'feature': 0, 'target': 0, 'seed': 6247423, 'grid': 0.01, 'lr': 0.1, 'network': 35, 'patch': 16, 'sign': 1, 'method': 'in_feat', 'dir': None, 'exp_no': '1640809437'}
Loaded pretrained weights.
#i	Loss	VTE	TV
0	0.01	0.01(0.01)	0.0(755)
Trying to load config file configs/lr_rate.toml but it doesnt exist
{'toml': 'configs/lr_rate.toml', 'experiment': None, 'layer': 3, 'feature': 0, 'target': 0, 'seed': 6247423, 'grid': 1.0, 'lr': 0.1, 'network': 35, 'patch': 16, 'sign': 1, 'method': 'in_feat', 'dir': None, 'exp_no': '1640809437'}
Loaded pretrained weights.
#i	Loss	VTE	TV
Trying to load config file configs/lr_rate.toml but it doesnt exist
{'toml': 'configs/lr_rate.toml', 'experiment': None, 'layer': 3, 'feature': 0, 'target': 0, 'seed': 6247423, 'grid': 10.0, 'lr': 0.1, 'network': 35, 'patch': 16, 'sign': 1, 'method': 'in_feat', 'dir': None, 'exp_no': '1640809437'}
Loaded pretrained weights.
#i	Loss	VTE	TV
Trying to load config file configs/lr_rate.toml but it doesnt exist
{'toml': 'configs/lr_rate.toml', 'experiment': None, 'layer': 3, 'feature': 0, 'target': 0, 'seed': 6247423, 'grid': 0.1, 'lr': 0.1, 'network': 35, 'patch': 16, 'sign': 1, 'method': 'in_feat', 'dir': None, 'exp_no': '1640809437'}
Loaded pretrained weights.
#i	Loss	VTE	TV
0	0.38	0.01(0.01)	0.38(755)
0	3.78	0.01(0.01)	3.78(755)
0	0.04	0.01(0.01)	0.04(755)
10	-0.03	-0.04(-0.04)	0.0(554)
10	0.39	-0.01(-0.01)	0.41(81.6)
10	0.02	-0.03(-0.03)	0.05(101)
10	-0.02	-0.04(-0.04)	0.02(437)
20	-0.03	-0.03(-0.03)	0.0(741)
20	0.43	-0.01(-0.01)	0.44(87.2)
20	0.05	-0.03(-0.03)	0.07(143)
20	-0.01	-0.03(-0.03)	0.02(462)
30	-0.03	-0.04(-0.04)	0.0(577)
30	0.32	-0.02(-0.02)	0.34(67.5)
30	0.02	-0.04(-0.04)	0.06(126)
30	-0.02	-0.04(-0.04)	0.02(345)
40	-0.04	-0.04(-0.04)	0.0(595)
40	0.64	-0.0(-0.0)	0.64(128)
40	-0.03	-0.05(-0.05)	0.02(354)
40	0.02	-0.04(-0.04)	0.06(118)
50	-0.05	-0.06(-0.06)	0.0(564)
50	0.45	-0.02(-0.02)	0.47(93.8)
50	-0.04	-0.06(-0.06)	0.02(340)
50	-0.0	-0.06(-0.06)	0.06(124)
60	-0.01	-0.01(-0.01)	0.0(545)
60	0.0	-0.01(-0.01)	0.02(342)
60	0.26	-0.0(-0.0)	0.26(52.9)
60	0.04	-0.02(-0.02)	0.06(116)
70	-0.02	-0.03(-0.03)	0.0(502)
70	-0.01	-0.03(-0.03)	0.02(315)
70	0.35	-0.01(-0.01)	0.37(73.0)
70	0.03	-0.03(-0.03)	0.06(119)
80	-0.04	-0.04(-0.04)	0.0(512)
80	0.29	-0.02(-0.02)	0.3(60.4)
80	-0.02	-0.04(-0.04)	0.02(321)
80	0.02	-0.04(-0.04)	0.06(116)
90	-0.04	-0.04(-0.04)	0.0(462)
90	0.33	0.0(0.0)	0.32(65.0)
90	0.02	-0.03(-0.03)	0.05(104)
90	-0.03	-0.04(-0.04)	0.01(284)
100	-0.05	-0.05(-0.05)	0.0(438)
100	0.4	-0.02(-0.02)	0.43(85.0)
100	0.01	-0.04(-0.04)	0.05(102)
100	-0.03	-0.05(-0.05)	0.01(266)
110	-0.05	-0.05(-0.05)	0.0(487)
110	0.24	-0.03(-0.03)	0.27(53.5)
110	-0.0	-0.06(-0.06)	0.06(111)
110	-0.04	-0.05(-0.05)	0.02(306)
120	-0.03	-0.03(-0.03)	0.0(632)
120	0.26	-0.02(-0.02)	0.28(55.1)
120	0.02	-0.05(-0.05)	0.07(143)
120	-0.02	-0.04(-0.04)	0.02(392)
130	-0.07	-0.07(-0.07)	0.0(496)
130	0.22	-0.05(-0.05)	0.27(54.2)
130	-0.02	-0.08(-0.08)	0.06(125)
130	-0.06	-0.08(-0.08)	0.02(321)
140	-0.07	-0.07(-0.07)	0.0(500)
140	0.15	-0.03(-0.03)	0.18(36.5)
140	0.01	-0.07(-0.07)	0.08(167)
140	-0.06	-0.07(-0.07)	0.02(336)
150	-0.04	-0.04(-0.04)	0.0(529)
150	0.24	-0.02(-0.02)	0.27(53.0)
150	0.02	-0.05(-0.05)	0.07(132)
150	-0.03	-0.05(-0.05)	0.02(352)
160	-0.04	-0.04(-0.04)	0.0(509)
160	0.31	-0.02(-0.02)	0.33(66.4)
160	0.0	-0.05(-0.05)	0.05(102)
160	-0.03	-0.04(-0.04)	0.02(324)
170	-0.06	-0.06(-0.06)	0.0(393)
170	0.2	-0.02(-0.02)	0.22(43.9)
170	-0.0	-0.05(-0.05)	0.05(103)
170	-0.05	-0.06(-0.06)	0.01(243)
180	-0.05	-0.05(-0.05)	0.0(514)
180	0.22	-0.02(-0.02)	0.24(47.4)
180	-0.0	-0.05(-0.05)	0.05(105)
180	-0.04	-0.05(-0.05)	0.02(331)
190	-0.08	-0.08(-0.08)	0.0(445)
190	0.22	-0.02(-0.02)	0.25(49.4)
190	-0.03	-0.08(-0.08)	0.05(98.4)
190	-0.07	-0.08(-0.08)	0.01(289)
200	-0.09	-0.09(-0.09)	0.0(521)
200	0.22	-0.04(-0.04)	0.26(51.4)
200	-0.03	-0.09(-0.09)	0.06(127)
200	-0.08	-0.1(-0.1)	0.02(353)
210	-0.09	-0.09(-0.09)	0.0(358)
210	0.07	-0.05(-0.05)	0.12(23.7)
210	-0.05	-0.09(-0.09)	0.04(81.5)
210	-0.08	-0.09(-0.09)	0.01(249)
220	-0.06	-0.07(-0.07)	0.0(486)
220	0.09	-0.03(-0.03)	0.12(24.1)
220	-0.01	-0.06(-0.06)	0.05(100)
220	-0.05	-0.07(-0.07)	0.02(316)
230	-0.03	-0.03(-0.03)	0.0(554)
230	0.32	-0.02(-0.02)	0.34(67.5)
230	0.02	-0.04(-0.04)	0.06(128)
230	-0.02	-0.04(-0.04)	0.02(343)
240	-0.08	-0.08(-0.08)	0.0(374)
240	0.08	-0.03(-0.03)	0.11(22.0)
240	-0.03	-0.08(-0.08)	0.05(104)
240	-0.07	-0.08(-0.08)	0.01(244)
250	-0.08	-0.08(-0.08)	0.0(479)
250	0.08	-0.04(-0.04)	0.12(24.0)
250	-0.02	-0.09(-0.09)	0.06(124)
250	-0.07	-0.08(-0.08)	0.02(312)
260	-0.06	-0.06(-0.06)	0.0(501)
260	0.08	-0.01(-0.01)	0.09(18.1)
260	-0.0	-0.06(-0.06)	0.05(109)
260	-0.05	-0.07(-0.07)	0.02(315)
270	-0.07	-0.07(-0.07)	0.0(446)
270	0.04	-0.04(-0.04)	0.08(15.9)
270	-0.03	-0.08(-0.08)	0.05(93.0)
270	-0.07	-0.08(-0.08)	0.01(274)
280	-0.06	-0.06(-0.06)	0.0(486)
280	0.08	-0.02(-0.02)	0.1(19.9)
280	0.01	-0.05(-0.05)	0.06(119)
280	-0.05	-0.06(-0.06)	0.01(294)
290	-0.08	-0.08(-0.08)	0.0(422)
290	0.03	-0.04(-0.04)	0.06(12.8)
290	-0.05	-0.08(-0.08)	0.04(72.1)
290	-0.07	-0.09(-0.09)	0.01(241)
300	-0.08	-0.08(-0.08)	0.0(485)
300	0.03	-0.03(-0.03)	0.06(11.9)
300	-0.03	-0.07(-0.07)	0.04(80.5)
300	-0.07	-0.08(-0.08)	0.01(269)
310	-0.08	-0.08(-0.08)	0.0(313)
310	-0.03	-0.06(-0.06)	0.03(59.3)
310	0.01	-0.02(-0.02)	0.04(7.31)
310	-0.07	-0.08(-0.08)	0.01(169)
320	-0.09	-0.09(-0.09)	0.0(389)
320	-0.06	-0.1(-0.1)	0.03(68.0)
320	-0.01	-0.05(-0.05)	0.04(7.13)
320	-0.09	-0.1(-0.1)	0.01(209)
330	-0.06	-0.07(-0.07)	0.0(409)
330	-0.03	-0.07(-0.07)	0.03(67.6)
330	0.01	-0.02(-0.02)	0.03(5.91)
330	-0.06	-0.07(-0.07)	0.01(219)
340	-0.07	-0.07(-0.07)	0.0(401)
340	-0.04	-0.07(-0.07)	0.03(66.6)
340	-0.0	-0.02(-0.02)	0.02(4.43)
340	-0.07	-0.08(-0.08)	0.01(211)
350	-0.11	-0.11(-0.11)	0.0(372)
350	-0.07	-0.1(-0.1)	0.03(61.0)
350	-0.02	-0.03(-0.03)	0.02(3.38)
350	-0.1	-0.11(-0.11)	0.01(194)
360	-0.09	-0.09(-0.09)	0.0(425)
360	-0.06	-0.09(-0.09)	0.03(65.0)
360	-0.02	-0.04(-0.04)	0.02(3.48)
360	-0.09	-0.1(-0.1)	0.01(218)
370	-0.07	-0.08(-0.08)	0.0(394)
370	-0.06	-0.09(-0.09)	0.03(60.7)
370	-0.01	-0.03(-0.03)	0.02(3.15)
370	-0.07	-0.08(-0.08)	0.01(201)
380	-0.1	-0.11(-0.11)	0.0(306)
380	-0.09	-0.11(-0.11)	0.02(45.6)
380	-0.02	-0.03(-0.03)	0.01(2.29)
380	-0.11	-0.11(-0.11)	0.01(153)
390	-0.09	-0.1(-0.1)	0.0(476)
390	-0.08	-0.11(-0.11)	0.04(72.6)
390	-0.02	-0.04(-0.04)	0.02(3.66)
390	-0.09	-0.11(-0.11)	0.01(240)
400	-0.06	-0.06(-0.06)	0.0(351)
400	-0.02	-0.04(-0.04)	0.03(53.5)
400	0.0	-0.01(-0.01)	0.01(2.69)
400	-0.05	-0.06(-0.06)	0.01(178)
Trying to load config file configs/lr_rate.toml but it doesnt exist
{'toml': 'configs/lr_rate.toml', 'experiment': None, 'layer': 3, 'feature': 0, 'target': 0, 'seed': 6247423, 'grid': 10.0, 'lr': 0.3, 'network': 35, 'patch': 16, 'sign': 1, 'method': 'in_feat', 'dir': None, 'exp_no': '1640809446'}
Loaded pretrained weights.
#i	Loss	VTE	TV
0	3.78	0.01(0.01)	3.78(755)
Trying to load config file configs/lr_rate.toml but it doesnt exist
{'toml': 'configs/lr_rate.toml', 'experiment': None, 'layer': 3, 'feature': 0, 'target': 0, 'seed': 6247423, 'grid': 1.0, 'lr': 0.3, 'network': 35, 'patch': 16, 'sign': 1, 'method': 'in_feat', 'dir': None, 'exp_no': '1640809446'}
Loaded pretrained weights.
#i	Loss	VTE	TV
Trying to load config file configs/lr_rate.toml but it doesnt exist
{'toml': 'configs/lr_rate.toml', 'experiment': None, 'layer': 3, 'feature': 0, 'target': 0, 'seed': 6247423, 'grid': 0.1, 'lr': 0.3, 'network': 35, 'patch': 16, 'sign': 1, 'method': 'in_feat', 'dir': None, 'exp_no': '1640809446'}
Loaded pretrained weights.
#i	Loss	VTE	TV
Trying to load config file configs/lr_rate.toml but it doesnt exist
{'toml': 'configs/lr_rate.toml', 'experiment': None, 'layer': 3, 'feature': 0, 'target': 0, 'seed': 6247423, 'grid': 0.01, 'lr': 0.3, 'network': 35, 'patch': 16, 'sign': 1, 'method': 'in_feat', 'dir': None, 'exp_no': '1640809446'}
Loaded pretrained weights.
#i	Loss	VTE	TV
0	0.38	0.01(0.01)	0.38(755)
0	0.04	0.01(0.01)	0.04(755)
0	0.01	0.01(0.01)	0.0(755)
10	0.9	-0.02(-0.02)	0.91(183)
10	0.06	-0.04(-0.04)	0.09(187)
10	-0.03	-0.03(-0.03)	0.0(527)
10	-0.01	-0.03(-0.03)	0.02(403)
20	1.08	-0.01(-0.01)	1.09(218)
20	0.13	-0.03(-0.03)	0.16(317)
20	-0.02	-0.03(-0.03)	0.0(729)
20	-0.0	-0.03(-0.03)	0.03(535)
30	0.92	-0.03(-0.03)	0.95(190)
30	0.07	-0.05(-0.05)	0.12(238)
30	-0.03	-0.04(-0.04)	0.0(612)
30	-0.01	-0.04(-0.04)	0.02(478)
40	1.57	-0.01(-0.01)	1.58(316)
40	0.09	-0.04(-0.04)	0.13(252)
40	-0.04	-0.04(-0.04)	0.0(696)
40	-0.02	-0.04(-0.04)	0.03(538)
50	1.19	-0.03(-0.03)	1.23(245)
50	0.07	-0.05(-0.05)	0.12(243)
50	-0.04	-0.04(-0.04)	0.0(657)
50	-0.02	-0.04(-0.04)	0.02(496)
60	0.69	-0.01(-0.01)	0.7(140)
60	0.1	-0.01(-0.01)	0.11(221)
60	0.01	0.0(0.0)	0.0(672)
60	0.03	0.0(0.0)	0.03(526)
70	1.02	-0.02(-0.02)	1.04(208)
70	0.09	-0.03(-0.03)	0.11(225)
70	-0.02	-0.02(-0.02)	0.0(614)
70	0.01	-0.02(-0.02)	0.02(469)
80	0.75	-0.02(-0.02)	0.77(155)
80	0.08	-0.03(-0.03)	0.11(215)
80	-0.02	-0.03(-0.03)	0.0(617)
80	-0.0	-0.03(-0.03)	0.02(470)
90	1.02	0.0(0.0)	1.02(204)
90	0.09	-0.02(-0.02)	0.11(216)
90	-0.01	-0.03(-0.03)	0.02(432)
90	-0.03	-0.03(-0.03)	0.0(569)
100	0.98	-0.03(-0.03)	1.01(202)
100	0.06	-0.03(-0.03)	0.1(195)
100	-0.0	-0.02(-0.02)	0.02(410)
100	-0.02	-0.02(-0.02)	0.0(544)
110	0.69	-0.04(-0.04)	0.73(146)
110	0.07	-0.04(-0.04)	0.11(213)
110	-0.0	-0.03(-0.03)	0.02(472)
110	-0.02	-0.03(-0.03)	0.0(603)
120	0.86	-0.03(-0.03)	0.89(178)
120	0.1	-0.04(-0.04)	0.14(273)
120	0.01	-0.02(-0.02)	0.03(592)
120	-0.02	-0.02(-0.02)	0.0(770)
130	0.5	-0.07(-0.07)	0.57(113)
130	0.04	-0.07(-0.07)	0.11(215)
130	-0.04	-0.06(-0.06)	0.02(476)
130	-0.06	-0.06(-0.06)	0.0(621)
140	0.68	-0.04(-0.04)	0.73(146)
140	0.06	-0.06(-0.06)	0.13(257)
140	-0.03	-0.06(-0.06)	0.03(504)
140	-0.05	-0.06(-0.06)	0.0(632)
150	0.67	-0.02(-0.02)	0.7(139)
150	0.08	-0.04(-0.04)	0.12(231)
150	-0.01	-0.03(-0.03)	0.02(489)
150	-0.03	-0.03(-0.03)	0.0(644)
160	0.78	-0.03(-0.03)	0.81(162)
160	0.05	-0.05(-0.05)	0.09(187)
160	-0.01	-0.04(-0.04)	0.02(450)
160	-0.03	-0.03(-0.03)	0.0(607)
170	0.61	-0.02(-0.02)	0.64(127)
170	0.04	-0.05(-0.05)	0.08(169)
170	-0.02	-0.04(-0.04)	0.02(339)
170	-0.04	-0.04(-0.04)	0.0(474)
180	0.68	-0.03(-0.03)	0.71(142)
180	0.06	-0.04(-0.04)	0.09(185)
180	-0.0	-0.02(-0.02)	0.02(451)
180	-0.02	-0.02(-0.02)	0.0(618)
190	0.68	-0.03(-0.03)	0.71(142)
190	0.01	-0.08(-0.08)	0.09(179)
190	-0.06	-0.08(-0.08)	0.02(391)
190	-0.07	-0.08(-0.08)	0.0(543)
200	0.69	-0.04(-0.04)	0.74(147)
200	0.0	-0.1(-0.1)	0.1(204)
200	-0.07	-0.09(-0.09)	0.02(440)
200	-0.08	-0.08(-0.08)	0.0(632)
210	0.29	-0.06(-0.06)	0.35(70.1)
210	-0.02	-0.08(-0.08)	0.06(122)
210	-0.06	-0.08(-0.08)	0.02(319)
210	-0.07	-0.07(-0.07)	0.0(451)
220	0.34	-0.04(-0.04)	0.38(75.3)
220	0.03	-0.05(-0.05)	0.08(159)
220	-0.02	-0.05(-0.05)	0.02(406)
220	-0.04	-0.04(-0.04)	0.0(612)
230	0.66	-0.03(-0.03)	0.69(137)
230	0.07	-0.03(-0.03)	0.1(196)
230	0.01	-0.02(-0.02)	0.02(448)
230	-0.01	-0.02(-0.02)	0.0(682)
240	0.29	-0.05(-0.05)	0.34(67.2)
240	0.0	-0.07(-0.07)	0.08(156)
240	-0.05	-0.07(-0.07)	0.02(313)
240	-0.06	-0.07(-0.07)	0.0(467)
250	0.32	-0.04(-0.04)	0.36(72.2)
250	-0.0	-0.08(-0.08)	0.08(152)
250	-0.06	-0.08(-0.08)	0.02(413)
250	-0.07	-0.07(-0.07)	0.0(596)
260	0.28	-0.02(-0.02)	0.31(61.5)
260	0.03	-0.06(-0.06)	0.09(173)
260	-0.04	-0.06(-0.06)	0.02(434)
260	-0.06	-0.06(-0.06)	0.0(634)
270	0.14	-0.06(-0.06)	0.2(40.1)
270	0.0	-0.07(-0.07)	0.07(144)
270	-0.04	-0.06(-0.06)	0.02(374)
270	-0.06	-0.06(-0.06)	0.0(569)
280	0.18	-0.03(-0.03)	0.21(42.7)
280	0.04	-0.04(-0.04)	0.08(169)
280	-0.02	-0.04(-0.04)	0.02(380)
280	-0.04	-0.04(-0.04)	0.0(620)
290	0.15	-0.04(-0.04)	0.19(38.4)
290	-0.03	-0.08(-0.08)	0.06(111)
290	-0.07	-0.09(-0.09)	0.01(290)
290	-0.08	-0.08(-0.08)	0.0(529)
300	0.13	-0.04(-0.04)	0.17(33.1)
300	-0.0	-0.06(-0.06)	0.06(125)
300	-0.05	-0.07(-0.07)	0.02(315)
300	-0.06	-0.06(-0.06)	0.0(592)
310	-0.02	-0.07(-0.07)	0.05(94.3)
310	0.13	-0.03(-0.03)	0.16(32.8)
310	-0.07	-0.08(-0.08)	0.01(204)
310	-0.07	-0.08(-0.08)	0.0(381)
320	-0.03	-0.09(-0.09)	0.06(119)
320	0.09	-0.06(-0.06)	0.15(29.6)
320	-0.08	-0.09(-0.09)	0.01(270)
320	-0.09	-0.09(-0.09)	0.0(470)
330	-0.0	-0.06(-0.06)	0.06(111)
330	0.06	-0.03(-0.03)	0.09(18.5)
330	-0.04	-0.05(-0.05)	0.01(275)
330	-0.05	-0.05(-0.05)	0.0(486)
340	-0.02	-0.08(-0.08)	0.05(101)
340	0.03	-0.03(-0.03)	0.06(12.2)
340	-0.06	-0.07(-0.07)	0.01(270)
340	-0.07	-0.07(-0.07)	0.0(476)
350	-0.06	-0.1(-0.1)	0.04(85.0)
350	-0.0	-0.05(-0.05)	0.04(8.64)
350	-0.1	-0.11(-0.11)	0.01(242)
350	-0.1	-0.11(-0.11)	0.0(437)
360	-0.04	-0.09(-0.09)	0.04(87.2)
360	-0.01	-0.05(-0.05)	0.03(6.98)
360	-0.07	-0.09(-0.09)	0.01(265)
360	-0.08	-0.08(-0.08)	0.0(493)
370	-0.05	-0.08(-0.08)	0.04(75.1)
370	-0.01	-0.04(-0.04)	0.03(5.91)
370	-0.06	-0.07(-0.07)	0.01(237)
370	-0.06	-0.07(-0.07)	0.0(452)
380	-0.08	-0.11(-0.11)	0.03(54.3)
380	-0.02	-0.04(-0.04)	0.02(4.07)
380	-0.1	-0.11(-0.11)	0.01(179)
380	-0.1	-0.1(-0.1)	0.0(351)
390	-0.07	-0.11(-0.11)	0.04(85.0)
390	-0.01	-0.05(-0.05)	0.03(6.56)
390	-0.08	-0.1(-0.1)	0.01(277)
390	-0.09	-0.09(-0.09)	0.0(542)
400	-0.01	-0.05(-0.05)	0.03(62.4)
400	0.01	-0.01(-0.01)	0.02(4.85)
400	-0.04	-0.05(-0.05)	0.01(204)
400	-0.05	-0.05(-0.05)	0.0(398)
Trying to load config file configs/lr_rate.toml but it doesnt exist
{'toml': 'configs/lr_rate.toml', 'experiment': None, 'layer': 3, 'feature': 0, 'target': 0, 'seed': 6247423, 'grid': 0.1, 'lr': 1.0, 'network': 35, 'patch': 16, 'sign': 1, 'method': 'in_feat', 'dir': None, 'exp_no': '1640809454'}
Loaded pretrained weights.
#i	Loss	VTE	TV
Trying to load config file configs/lr_rate.toml but it doesnt exist
{'toml': 'configs/lr_rate.toml', 'experiment': None, 'layer': 3, 'feature': 0, 'target': 0, 'seed': 6247423, 'grid': 10.0, 'lr': 1.0, 'network': 35, 'patch': 16, 'sign': 1, 'method': 'in_feat', 'dir': None, 'exp_no': '1640809454'}
Loaded pretrained weights.
#i	Loss	VTE	TV
Trying to load config file configs/lr_rate.toml but it doesnt exist
{'toml': 'configs/lr_rate.toml', 'experiment': None, 'layer': 3, 'feature': 0, 'target': 0, 'seed': 6247423, 'grid': 1.0, 'lr': 1.0, 'network': 35, 'patch': 16, 'sign': 1, 'method': 'in_feat', 'dir': None, 'exp_no': '1640809454'}
Loaded pretrained weights.
#i	Loss	VTE	TV
Trying to load config file configs/lr_rate.toml but it doesnt exist
{'toml': 'configs/lr_rate.toml', 'experiment': None, 'layer': 3, 'feature': 0, 'target': 0, 'seed': 6247423, 'grid': 0.01, 'lr': 1.0, 'network': 35, 'patch': 16, 'sign': 1, 'method': 'in_feat', 'dir': None, 'exp_no': '1640809454'}
Loaded pretrained weights.
#i	Loss	VTE	TV
0	0.04	0.01(0.01)	0.04(755)
0	3.78	0.01(0.01)	3.78(755)
0	0.38	0.01(0.01)	0.38(755)
0	0.01	0.01(0.01)	0.0(755)
10	0.01	-0.01(-0.01)	0.03(529)
10	2.56	-0.02(-0.02)	2.58(516)
10	0.2	-0.02(-0.02)	0.22(449)
10	-0.01	-0.01(-0.01)	0.0(612)
20	0.02	-0.01(-0.01)	0.04(777)
20	2.77	-0.02(-0.02)	2.79(558)
20	0.32	-0.02(-0.02)	0.34(683)
20	-0.01	-0.01(-0.01)	0.0(872)
30	-0.0	-0.03(-0.03)	0.03(617)
30	3.58	-0.02(-0.02)	3.6(720)
30	0.23	-0.04(-0.04)	0.27(541)
30	-0.03	-0.04(-0.04)	0.0(716)
40	4.21	-0.01(-0.01)	4.21(843)
40	-0.01	-0.05(-0.05)	0.04(726)
40	0.31	-0.03(-0.03)	0.34(676)
40	-0.04	-0.05(-0.05)	0.0(841)
50	2.5	-0.03(-0.03)	2.53(506)
50	0.02	-0.02(-0.02)	0.03(692)
50	0.26	-0.03(-0.03)	0.29(577)
50	-0.01	-0.02(-0.02)	0.0(777)
60	2.52	-0.0(-0.0)	2.52(505)
60	0.05	0.01(0.01)	0.04(701)
60	0.27	0.01(0.01)	0.27(536)
60	0.02	0.01(0.01)	0.0(807)
70	2.53	-0.01(-0.01)	2.54(508)
70	0.03	-0.0(-0.0)	0.03(621)
70	0.23	-0.01(-0.01)	0.24(472)
70	-0.0	-0.0(-0.0)	0.0(709)
80	1.79	-0.02(-0.02)	1.81(361)
80	0.02	-0.02(-0.02)	0.03(628)
80	0.21	-0.01(-0.01)	0.22(446)
80	-0.01	-0.02(-0.02)	0.0(722)
90	3.02	0.01(0.01)	3.01(602)
90	0.03	-0.0(-0.0)	0.03(588)
90	0.24	-0.0(-0.0)	0.24(482)
90	-0.01	-0.01(-0.01)	0.0(671)
100	2.29	-0.03(-0.03)	2.31(463)
100	0.02	-0.01(-0.01)	0.03(572)
100	0.18	-0.02(-0.02)	0.2(395)
100	-0.0	-0.01(-0.01)	0.0(650)
110	2.17	-0.03(-0.03)	2.2(440)
110	0.03	-0.0(-0.0)	0.03(628)
110	0.22	0.0(0.0)	0.22(441)
110	-0.0	-0.0(-0.0)	0.0(709)
120	2.07	-0.03(-0.03)	2.11(421)
120	0.03	-0.01(-0.01)	0.04(821)
120	0.26	-0.03(-0.03)	0.29(585)
120	-0.0	-0.01(-0.01)	0.0(923)
130	1.75	-0.06(-0.06)	1.81(361)
130	-0.0	-0.03(-0.03)	0.03(639)
130	0.17	-0.04(-0.04)	0.22(431)
130	-0.03	-0.03(-0.03)	0.0(735)
140	2.47	-0.04(-0.04)	2.51(503)
140	-0.01	-0.05(-0.05)	0.03(649)
140	0.16	-0.06(-0.06)	0.21(424)
140	-0.04	-0.04(-0.04)	0.0(738)
150	2.45	-0.02(-0.02)	2.47(494)
150	0.01	-0.02(-0.02)	0.03(660)
150	0.2	-0.03(-0.03)	0.23(453)
150	-0.02	-0.02(-0.02)	0.0(749)
160	2.54	-0.03(-0.03)	2.57(513)
160	-0.0	-0.03(-0.03)	0.03(623)
160	0.17	-0.04(-0.04)	0.21(425)
160	-0.03	-0.03(-0.03)	0.0(725)
170	1.59	-0.02(-0.02)	1.62(323)
170	-0.02	-0.04(-0.04)	0.02(465)
170	0.17	-0.03(-0.03)	0.21(412)
170	-0.03	-0.04(-0.04)	0.0(553)
180	1.73	-0.03(-0.03)	1.76(353)
180	0.02	-0.01(-0.01)	0.03(598)
180	0.19	-0.0(-0.0)	0.2(391)
180	-0.0	-0.01(-0.01)	0.0(717)
190	1.89	-0.04(-0.04)	1.93(385)
190	-0.05	-0.08(-0.08)	0.03(536)
190	0.1	-0.08(-0.08)	0.18(362)
190	-0.07	-0.07(-0.07)	0.0(634)
200	2.62	-0.04(-0.04)	2.65(530)
200	-0.04	-0.07(-0.07)	0.03(618)
200	0.09	-0.09(-0.09)	0.18(364)
200	-0.06	-0.07(-0.07)	0.0(741)
210	1.23	-0.05(-0.05)	1.29(258)
210	-0.03	-0.05(-0.05)	0.02(449)
210	0.06	-0.07(-0.07)	0.12(246)
210	-0.05	-0.05(-0.05)	0.0(528)
220	1.07	-0.04(-0.04)	1.1(221)
220	0.01	-0.02(-0.02)	0.03(572)
220	0.14	-0.01(-0.01)	0.16(315)
220	-0.02	-0.02(-0.02)	0.0(700)
230	1.32	-0.02(-0.02)	1.34(268)
230	0.04	0.0(0.0)	0.03(650)
230	0.18	-0.0(-0.0)	0.18(359)
230	0.01	0.0(0.0)	0.0(782)
240	0.69	-0.06(-0.06)	0.75(150)
240	-0.02	-0.04(-0.04)	0.02(453)
240	0.07	-0.05(-0.05)	0.12(240)
240	-0.04	-0.04(-0.04)	0.0(545)
250	0.97	-0.05(-0.05)	1.02(204)
250	-0.04	-0.06(-0.06)	0.03(560)
250	0.09	-0.06(-0.06)	0.16(310)
250	-0.06	-0.06(-0.06)	0.0(705)
260	1.08	-0.03(-0.03)	1.1(220)
260	-0.01	-0.04(-0.04)	0.03(592)
260	0.1	-0.04(-0.04)	0.14(273)
260	-0.04	-0.04(-0.04)	0.0(749)
270	0.55	-0.06(-0.06)	0.62(123)
270	-0.02	-0.04(-0.04)	0.02(493)
270	0.07	-0.05(-0.05)	0.12(247)
270	-0.04	-0.04(-0.04)	0.0(640)
280	0.57	-0.03(-0.03)	0.6(120)
280	0.01	-0.02(-0.02)	0.03(547)
280	0.09	-0.03(-0.03)	0.12(247)
280	-0.01	-0.01(-0.01)	0.0(710)
290	0.64	-0.05(-0.05)	0.69(138)
290	-0.05	-0.08(-0.08)	0.02(431)
290	0.01	-0.08(-0.08)	0.09(170)
290	-0.07	-0.07(-0.07)	0.0(598)
300	0.82	-0.04(-0.04)	0.86(172)
300	-0.02	-0.05(-0.05)	0.02(467)
300	0.07	-0.05(-0.05)	0.11(226)
300	-0.04	-0.05(-0.05)	0.0(668)
310	0.35	-0.04(-0.04)	0.4(79.2)
310	-0.06	-0.07(-0.07)	0.01(299)
310	-0.01	-0.08(-0.08)	0.07(136)
310	-0.07	-0.07(-0.07)	0.0(443)
320	0.33	-0.07(-0.07)	0.4(80.0)
320	-0.05	-0.07(-0.07)	0.02(384)
320	-0.0	-0.08(-0.08)	0.08(165)
320	-0.07	-0.07(-0.07)	0.0(570)
330	0.33	-0.03(-0.03)	0.37(73.2)
330	-0.01	-0.03(-0.03)	0.02(371)
330	0.04	-0.04(-0.04)	0.08(169)
330	-0.02	-0.03(-0.03)	0.0(583)
340	0.18	-0.04(-0.04)	0.22(44.5)
340	-0.05	-0.07(-0.07)	0.02(355)
340	-0.01	-0.08(-0.08)	0.07(131)
340	-0.06	-0.06(-0.06)	0.0(568)
350	0.14	-0.06(-0.06)	0.19(38.5)
350	-0.08	-0.1(-0.1)	0.02(312)
350	-0.03	-0.1(-0.1)	0.07(138)
350	-0.09	-0.09(-0.09)	0.0(516)
360	0.06	-0.05(-0.05)	0.11(21.9)
360	-0.05	-0.07(-0.07)	0.02(324)
360	-0.02	-0.07(-0.07)	0.06(118)
360	-0.06	-0.06(-0.06)	0.0(571)
370	0.02	-0.04(-0.04)	0.06(11.5)
370	-0.05	-0.06(-0.06)	0.01(276)
370	-0.03	-0.08(-0.08)	0.05(98.2)
370	-0.05	-0.05(-0.05)	0.0(512)
380	-0.02	-0.05(-0.05)	0.03(6.29)
380	-0.09	-0.1(-0.1)	0.01(201)
380	-0.07	-0.1(-0.1)	0.03(68.7)
380	-0.09	-0.09(-0.09)	0.0(393)
390	-0.0	-0.05(-0.05)	0.05(9.63)
390	-0.07	-0.09(-0.09)	0.02(306)
390	-0.05	-0.1(-0.1)	0.05(106)
390	-0.08	-0.08(-0.08)	0.0(601)
400	0.02	-0.02(-0.02)	0.03(6.99)
400	-0.04	-0.05(-0.05)	0.01(225)
400	-0.0	-0.04(-0.04)	0.04(76.0)
400	-0.04	-0.05(-0.05)	0.0(441)
Trying to load config file configs/lr_rate.toml but it doesnt exist
{'toml': 'configs/lr_rate.toml', 'experiment': None, 'layer': 6, 'feature': 0, 'target': 0, 'seed': 6247423, 'grid': 1.0, 'lr': 0.01, 'network': 35, 'patch': 16, 'sign': 1, 'method': 'in_feat', 'dir': None, 'exp_no': '1640809462'}
Loaded pretrained weights.
#i	Loss	VTE	TV
0	0.38	0.01(0.01)	0.38(755)
Trying to load config file configs/lr_rate.toml but it doesnt exist
{'toml': 'configs/lr_rate.toml', 'experiment': None, 'layer': 6, 'feature': 0, 'target': 0, 'seed': 6247423, 'grid': 10.0, 'lr': 0.01, 'network': 35, 'patch': 16, 'sign': 1, 'method': 'in_feat', 'dir': None, 'exp_no': '1640809462'}
Loaded pretrained weights.
#i	Loss	VTE	TV
Trying to load config file configs/lr_rate.toml but it doesnt exist
{'toml': 'configs/lr_rate.toml', 'experiment': None, 'layer': 6, 'feature': 0, 'target': 0, 'seed': 6247423, 'grid': 0.1, 'lr': 0.01, 'network': 35, 'patch': 16, 'sign': 1, 'method': 'in_feat', 'dir': None, 'exp_no': '1640809462'}
Loaded pretrained weights.
#i	Loss	VTE	TV
Trying to load config file configs/lr_rate.toml but it doesnt exist
{'toml': 'configs/lr_rate.toml', 'experiment': None, 'layer': 6, 'feature': 0, 'target': 0, 'seed': 6247423, 'grid': 0.01, 'lr': 0.01, 'network': 35, 'patch': 16, 'sign': 1, 'method': 'in_feat', 'dir': None, 'exp_no': '1640809462'}
Loaded pretrained weights.
#i	Loss	VTE	TV
0	0.04	0.01(0.01)	0.04(755)
0	3.78	0.01(0.01)	3.78(755)
0	0.01	0.01(0.01)	0.0(755)
10	0.23	-0.02(-0.02)	0.25(492)
10	2.15	-0.01(-0.01)	2.17(433)
10	0.01	-0.02(-0.02)	0.03(588)
10	-0.02	-0.02(-0.02)	0.0(601)
20	0.26	-0.03(-0.03)	0.29(577)
20	2.09	-0.01(-0.01)	2.11(421)
20	0.02	-0.02(-0.02)	0.04(836)
20	-0.02	-0.02(-0.02)	0.0(872)
30	0.14	-0.04(-0.04)	0.19(371)
30	0.94	-0.03(-0.03)	0.97(195)
30	-0.01	-0.04(-0.04)	0.03(672)
30	-0.03	-0.04(-0.04)	0.0(715)
40	0.1	-0.05(-0.05)	0.15(297)
40	0.31	-0.04(-0.04)	0.35(70.2)
40	-0.01	-0.04(-0.04)	0.04(706)
40	-0.04	-0.04(-0.04)	0.0(765)
50	0.02	-0.08(-0.08)	0.1(198)
50	0.01	-0.06(-0.06)	0.07(14.8)
50	-0.03	-0.07(-0.07)	0.03(668)
50	-0.06	-0.07(-0.07)	0.0(740)
60	0.03	-0.04(-0.04)	0.07(140)
60	0.02	-0.03(-0.03)	0.04(8.93)
60	-0.01	-0.04(-0.04)	0.03(636)
60	-0.03	-0.04(-0.04)	0.0(717)
70	-0.02	-0.07(-0.07)	0.05(99.8)
70	-0.01	-0.05(-0.05)	0.04(8.63)
70	-0.03	-0.06(-0.06)	0.03(568)
70	-0.05	-0.06(-0.06)	0.0(651)
80	-0.01	-0.05(-0.05)	0.04(81.7)
80	0.01	-0.03(-0.03)	0.04(8.18)
80	-0.02	-0.05(-0.05)	0.03(570)
80	-0.04	-0.05(-0.05)	0.0(665)
90	-0.02	-0.05(-0.05)	0.03(64.1)
90	0.01	-0.02(-0.02)	0.03(6.96)
90	-0.02	-0.05(-0.05)	0.03(515)
90	-0.04	-0.05(-0.05)	0.0(611)
100	-0.05	-0.08(-0.08)	0.03(56.0)
100	0.01	-0.03(-0.03)	0.05(9.3)
100	-0.05	-0.08(-0.08)	0.02(486)
100	-0.07	-0.08(-0.08)	0.0(588)
110	-0.07	-0.1(-0.1)	0.03(58.4)
110	-0.06	-0.08(-0.08)	0.03(516)
110	-0.08	-0.08(-0.08)	0.0(636)
110	-0.03	-0.07(-0.07)	0.03(6.92)
120	-0.04	-0.08(-0.08)	0.04(72.5)
120	-0.03	-0.06(-0.06)	0.03(653)
120	-0.05	-0.06(-0.06)	0.0(818)
120	0.0	-0.05(-0.05)	0.05(9.46)
130	-0.09	-0.12(-0.12)	0.03(60.3)
130	-0.08	-0.11(-0.11)	0.03(502)
130	-0.1	-0.1(-0.1)	0.0(639)
130	-0.05	-0.09(-0.09)	0.04(7.6)
140	-0.06	-0.09(-0.09)	0.03(65.8)
140	-0.06	-0.09(-0.09)	0.02(492)
140	-0.08	-0.08(-0.08)	0.0(638)
140	-0.02	-0.06(-0.06)	0.03(7.0)
150	-0.03	-0.07(-0.07)	0.04(81.6)
150	-0.03	-0.06(-0.06)	0.03(510)
150	-0.05	-0.06(-0.06)	0.0(670)
150	-0.01	-0.06(-0.06)	0.04(8.58)
160	-0.03	-0.06(-0.06)	0.04(70.5)
160	-0.04	-0.06(-0.06)	0.02(481)
160	-0.06	-0.06(-0.06)	0.0(642)
160	-0.01	-0.04(-0.04)	0.04(7.2)
170	-0.09	-0.12(-0.12)	0.03(52.0)
170	-0.08	-0.1(-0.1)	0.02(376)
170	-0.04	-0.07(-0.07)	0.03(6.0)
170	-0.1	-0.1(-0.1)	0.0(509)
180	-0.05	-0.08(-0.08)	0.03(68.0)
180	-0.05	-0.08(-0.08)	0.02(475)
180	-0.01	-0.04(-0.04)	0.04(7.13)
180	-0.07	-0.07(-0.07)	0.0(653)
190	-0.07	-0.09(-0.09)	0.03(57.9)
190	-0.07	-0.09(-0.09)	0.02(408)
190	-0.02	-0.05(-0.05)	0.03(6.62)
190	-0.09	-0.09(-0.09)	0.0(568)
200	-0.08	-0.12(-0.12)	0.03(67.4)
200	-0.03	-0.07(-0.07)	0.04(8.4)
200	-0.08	-0.11(-0.11)	0.02(471)
200	-0.1	-0.1(-0.1)	0.0(665)
210	-0.12	-0.14(-0.14)	0.02(47.2)
210	-0.1	-0.12(-0.12)	0.02(323)
210	-0.11	-0.12(-0.12)	0.0(459)
210	-0.07	-0.1(-0.1)	0.03(5.24)
220	-0.11	-0.14(-0.14)	0.03(63.6)
220	-0.09	-0.12(-0.12)	0.02(437)
220	-0.11	-0.11(-0.11)	0.0(627)
220	-0.07	-0.1(-0.1)	0.03(6.95)
230	-0.05	-0.09(-0.09)	0.04(71.6)
230	-0.05	-0.07(-0.07)	0.02(499)
230	-0.07	-0.07(-0.07)	0.0(721)
230	-0.01	-0.06(-0.06)	0.04(8.61)
240	-0.11	-0.14(-0.14)	0.02(45.9)
240	-0.11	-0.13(-0.13)	0.02(334)
240	-0.12	-0.13(-0.13)	0.0(488)
240	-0.05	-0.08(-0.08)	0.03(5.55)
250	-0.09	-0.12(-0.12)	0.03(60.1)
250	-0.08	-0.1(-0.1)	0.02(428)
250	-0.1	-0.1(-0.1)	0.0(630)
250	-0.05	-0.09(-0.09)	0.04(7.52)
260	-0.08	-0.11(-0.11)	0.03(62.0)
260	-0.08	-0.1(-0.1)	0.02(452)
260	-0.09	-0.09(-0.09)	0.0(670)
260	-0.03	-0.07(-0.07)	0.03(6.76)
270	-0.14	-0.16(-0.16)	0.03(57.2)
270	-0.11	-0.14(-0.14)	0.02(405)
270	-0.12	-0.13(-0.13)	0.0(603)
270	-0.08	-0.12(-0.12)	0.03(6.44)
280	-0.07	-0.1(-0.1)	0.03(61.9)
280	-0.08	-0.1(-0.1)	0.02(446)
280	-0.02	-0.06(-0.06)	0.04(7.22)
280	-0.09	-0.1(-0.1)	0.0(669)
290	-0.09	-0.12(-0.12)	0.03(50.7)
290	-0.08	-0.1(-0.1)	0.02(391)
290	-0.05	-0.08(-0.08)	0.03(5.43)
290	-0.1	-0.1(-0.1)	0.0(593)
300	-0.11	-0.14(-0.14)	0.03(59.7)
300	-0.09	-0.12(-0.12)	0.02(455)
300	-0.07	-0.1(-0.1)	0.03(6.51)
300	-0.11	-0.11(-0.11)	0.0(692)
310	-0.12	-0.14(-0.14)	0.02(37.8)
310	-0.12	-0.13(-0.13)	0.01(297)
310	-0.06	-0.08(-0.08)	0.02(3.95)
310	-0.12	-0.13(-0.13)	0.0(455)
320	-0.13	-0.15(-0.15)	0.02(46.9)
320	-0.12	-0.13(-0.13)	0.02(373)
320	-0.07	-0.09(-0.09)	0.02(4.96)
320	-0.13	-0.13(-0.13)	0.0(572)
330	-0.1	-0.12(-0.12)	0.03(52.7)
330	-0.09	-0.11(-0.11)	0.02(398)
330	-0.05	-0.08(-0.08)	0.03(5.54)
330	-0.1	-0.11(-0.11)	0.0(607)
340	-0.11	-0.13(-0.13)	0.02(49.5)
340	-0.1	-0.12(-0.12)	0.02(392)
340	-0.06	-0.09(-0.09)	0.03(5.25)
340	-0.11	-0.11(-0.11)	0.0(604)
350	-0.13	-0.15(-0.15)	0.02(46.6)
350	-0.12	-0.14(-0.14)	0.02(367)
350	-0.13	-0.13(-0.13)	0.0(566)
350	-0.08	-0.1(-0.1)	0.03(5.03)
360	-0.13	-0.16(-0.16)	0.03(52.5)
360	-0.12	-0.14(-0.14)	0.02(420)
360	-0.13	-0.13(-0.13)	0.0(648)
360	-0.08	-0.11(-0.11)	0.03(5.35)
370	-0.12	-0.15(-0.15)	0.03(52.0)
370	-0.1	-0.12(-0.12)	0.02(393)
370	-0.08	-0.11(-0.11)	0.03(5.56)
370	-0.11	-0.11(-0.11)	0.0(603)
380	-0.17	-0.19(-0.19)	0.02(37.1)
380	-0.15	-0.17(-0.17)	0.02(304)
380	-0.1	-0.12(-0.12)	0.02(3.89)
380	-0.16	-0.16(-0.16)	0.0(472)
390	-0.14	-0.17(-0.17)	0.03(62.2)
390	-0.12	-0.14(-0.14)	0.02(475)
390	-0.1	-0.14(-0.14)	0.03(6.74)
390	-0.13	-0.13(-0.13)	0.0(731)
400	-0.05	-0.07(-0.07)	0.02(46.7)
400	-0.05	-0.07(-0.07)	0.02(351)
400	-0.02	-0.04(-0.04)	0.03(5.04)
400	-0.06	-0.07(-0.07)	0.0(538)
Trying to load config file configs/lr_rate.toml but it doesnt exist
{'toml': 'configs/lr_rate.toml', 'experiment': None, 'layer': 6, 'feature': 0, 'target': 0, 'seed': 6247423, 'grid': 0.01, 'lr': 0.03, 'network': 35, 'patch': 16, 'sign': 1, 'method': 'in_feat', 'dir': None, 'exp_no': '1640809471'}
Loaded pretrained weights.
#i	Loss	VTE	TV
Trying to load config file configs/lr_rate.toml but it doesnt exist
{'toml': 'configs/lr_rate.toml', 'experiment': None, 'layer': 6, 'feature': 0, 'target': 0, 'seed': 6247423, 'grid': 0.1, 'lr': 0.03, 'network': 35, 'patch': 16, 'sign': 1, 'method': 'in_feat', 'dir': None, 'exp_no': '1640809471'}
Loaded pretrained weights.
#i	Loss	VTE	TV
Trying to load config file configs/lr_rate.toml but it doesnt exist
{'toml': 'configs/lr_rate.toml', 'experiment': None, 'layer': 6, 'feature': 0, 'target': 0, 'seed': 6247423, 'grid': 10.0, 'lr': 0.03, 'network': 35, 'patch': 16, 'sign': 1, 'method': 'in_feat', 'dir': None, 'exp_no': '1640809471'}
Loaded pretrained weights.
#i	Loss	VTE	TV
0	0.01	0.01(0.01)	0.0(755)
Trying to load config file configs/lr_rate.toml but it doesnt exist
{'toml': 'configs/lr_rate.toml', 'experiment': None, 'layer': 6, 'feature': 0, 'target': 0, 'seed': 6247423, 'grid': 1.0, 'lr': 0.03, 'network': 35, 'patch': 16, 'sign': 1, 'method': 'in_feat', 'dir': None, 'exp_no': '1640809471'}
Loaded pretrained weights.
#i	Loss	VTE	TV
0	0.04	0.01(0.01)	0.04(755)
0	3.78	0.01(0.01)	3.78(755)
0	0.38	0.01(0.01)	0.38(755)
10	-0.01	-0.04(-0.04)	0.03(556)
10	-0.04	-0.04(-0.04)	0.0(591)
10	0.73	-0.03(-0.03)	0.76(152)
10	0.11	-0.04(-0.04)	0.15(299)
20	-0.01	-0.04(-0.04)	0.04(755)
20	-0.04	-0.04(-0.04)	0.0(845)
20	0.16	-0.03(-0.03)	0.19(37.7)
20	0.04	-0.05(-0.05)	0.09(181)
30	-0.02	-0.05(-0.05)	0.03(583)
30	-0.05	-0.05(-0.05)	0.0(686)
30	0.09	-0.05(-0.05)	0.14(28.1)
30	-0.01	-0.06(-0.06)	0.05(109)
40	-0.03	-0.06(-0.06)	0.03(585)
40	-0.05	-0.06(-0.06)	0.0(726)
40	0.12	-0.05(-0.05)	0.17(33.6)
40	-0.03	-0.07(-0.07)	0.05(93.1)
50	-0.05	-0.08(-0.08)	0.03(529)
50	0.04	-0.07(-0.07)	0.11(22.9)
50	-0.07	-0.07(-0.07)	0.0(697)
50	-0.05	-0.1(-0.1)	0.05(94.1)
60	-0.02	-0.04(-0.04)	0.02(494)
60	0.06	-0.03(-0.03)	0.09(17.8)
60	-0.04	-0.04(-0.04)	0.0(673)
60	0.01	-0.05(-0.05)	0.06(112)
70	-0.04	-0.06(-0.06)	0.02(431)
70	0.04	-0.06(-0.06)	0.1(19.9)
70	-0.06	-0.06(-0.06)	0.0(608)
70	-0.02	-0.07(-0.07)	0.05(101)
80	0.08	-0.03(-0.03)	0.11(21.6)
80	-0.03	-0.05(-0.05)	0.02(422)
80	-0.05	-0.05(-0.05)	0.0(618)
80	-0.01	-0.06(-0.06)	0.05(96.9)
90	0.06	-0.03(-0.03)	0.09(18.3)
90	-0.03	-0.05(-0.05)	0.02(372)
90	-0.05	-0.05(-0.05)	0.0(565)
90	-0.02	-0.06(-0.06)	0.04(72.5)
100	0.11	-0.04(-0.04)	0.15(30.3)
100	-0.07	-0.09(-0.09)	0.02(341)
100	-0.08	-0.08(-0.08)	0.0(540)
100	-0.05	-0.08(-0.08)	0.04(71.2)
110	-0.07	-0.09(-0.09)	0.02(361)
110	-0.08	-0.08(-0.08)	0.0(583)
110	-0.0	-0.08(-0.08)	0.08(15.8)
110	-0.07	-0.11(-0.11)	0.04(85.1)
120	-0.04	-0.06(-0.06)	0.02(459)
120	-0.06	-0.06(-0.06)	0.0(749)
120	0.06	-0.05(-0.05)	0.11(21.9)
120	-0.02	-0.08(-0.08)	0.06(121)
130	-0.09	-0.11(-0.11)	0.02(350)
130	-0.1	-0.11(-0.11)	0.0(583)
130	-0.02	-0.1(-0.1)	0.08(17.0)
130	-0.08	-0.14(-0.14)	0.06(117)
140	-0.08	-0.09(-0.09)	0.02(340)
140	-0.09	-0.09(-0.09)	0.0(580)
140	0.01	-0.06(-0.06)	0.07(14.9)
140	-0.05	-0.1(-0.1)	0.05(96.1)
150	-0.05	-0.07(-0.07)	0.02(361)
150	-0.06	-0.06(-0.06)	0.0(610)
150	0.06	-0.06(-0.06)	0.11(22.6)
150	-0.0	-0.07(-0.07)	0.07(141)
160	-0.04	-0.06(-0.06)	0.02(339)
160	-0.05	-0.06(-0.06)	0.0(583)
160	0.03	-0.05(-0.05)	0.08(15.9)
160	-0.02	-0.07(-0.07)	0.05(100)
170	-0.09	-0.11(-0.11)	0.01(258)
170	-0.1	-0.1(-0.1)	0.0(458)
170	-0.02	-0.08(-0.08)	0.06(12.6)
170	-0.1	-0.13(-0.13)	0.03(68.4)
180	-0.07	-0.08(-0.08)	0.02(326)
180	0.02	-0.05(-0.05)	0.07(13.9)
180	-0.08	-0.08(-0.08)	0.0(586)
180	-0.04	-0.09(-0.09)	0.05(96.7)
190	0.0	-0.06(-0.06)	0.06(13.0)
190	-0.09	-0.1(-0.1)	0.01(280)
190	-0.09	-0.1(-0.1)	0.0(508)
190	-0.06	-0.11(-0.11)	0.04(89.5)
200	-0.0	-0.08(-0.08)	0.08(16.8)
200	-0.09	-0.11(-0.11)	0.02(321)
200	-0.1	-0.1(-0.1)	0.0(592)
200	-0.07	-0.12(-0.12)	0.06(112)
210	-0.12	-0.13(-0.13)	0.01(218)
210	-0.12	-0.12(-0.12)	0.0(406)
210	-0.07	-0.12(-0.12)	0.05(9.36)
210	-0.11	-0.15(-0.15)	0.04(77.2)
220	-0.1	-0.12(-0.12)	0.01(288)
220	-0.1	-0.11(-0.11)	0.0(550)
220	-0.06	-0.11(-0.11)	0.06(11.7)
220	-0.1	-0.15(-0.15)	0.05(91.0)
230	-0.06	-0.08(-0.08)	0.02(323)
230	0.03	-0.06(-0.06)	0.09(17.9)
230	-0.07	-0.07(-0.07)	0.0(628)
230	-0.04	-0.09(-0.09)	0.05(103)
240	-0.04	-0.09(-0.09)	0.05(9.43)
240	-0.13	-0.14(-0.14)	0.01(213)
240	-0.13	-0.13(-0.13)	0.0(423)
240	-0.12	-0.15(-0.15)	0.03(67.0)
250	-0.03	-0.09(-0.09)	0.06(12.3)
250	-0.1	-0.12(-0.12)	0.01(268)
250	-0.11	-0.11(-0.11)	0.0(541)
250	-0.07	-0.12(-0.12)	0.04(86.9)
260	-0.02	-0.07(-0.07)	0.05(10.6)
260	-0.09	-0.11(-0.11)	0.01(278)
260	-0.1	-0.1(-0.1)	0.0(573)
260	-0.07	-0.11(-0.11)	0.04(82.5)
270	-0.09	-0.13(-0.13)	0.05(9.67)
270	-0.13	-0.14(-0.14)	0.01(246)
270	-0.13	-0.13(-0.13)	0.0(513)
270	-0.14	-0.18(-0.18)	0.04(73.9)
280	-0.01	-0.07(-0.07)	0.05(10.9)
280	-0.09	-0.11(-0.11)	0.01(265)
280	-0.1	-0.1(-0.1)	0.0(565)
280	-0.07	-0.11(-0.11)	0.04(81.3)
290	-0.05	-0.09(-0.09)	0.04(7.77)
290	-0.1	-0.11(-0.11)	0.01(226)
290	-0.1	-0.11(-0.11)	0.0(498)
290	-0.1	-0.13(-0.13)	0.03(63.7)
300	-0.06	-0.11(-0.11)	0.05(9.09)
300	-0.12	-0.13(-0.13)	0.01(259)
300	-0.12	-0.12(-0.12)	0.0(579)
300	-0.11	-0.15(-0.15)	0.04(73.2)
310	-0.06	-0.09(-0.09)	0.03(5.28)
310	-0.13	-0.13(-0.13)	0.0(379)
310	-0.13	-0.14(-0.14)	0.01(166)
310	-0.13	-0.15(-0.15)	0.02(44.9)
320	-0.08	-0.11(-0.11)	0.03(6.95)
320	-0.13	-0.13(-0.13)	0.0(476)
320	-0.13	-0.14(-0.14)	0.01(206)
320	-0.14	-0.16(-0.16)	0.03(55.3)
330	-0.05	-0.09(-0.09)	0.04(7.62)
330	-0.1	-0.1(-0.1)	0.0(503)
330	-0.1	-0.11(-0.11)	0.01(218)
330	-0.1	-0.13(-0.13)	0.03(60.0)
340	-0.06	-0.1(-0.1)	0.03(6.95)
340	-0.12	-0.12(-0.12)	0.0(499)
340	-0.12	-0.13(-0.13)	0.01(211)
340	-0.11	-0.14(-0.14)	0.03(57.0)
350	-0.08	-0.11(-0.11)	0.03(6.48)
350	-0.14	-0.15(-0.15)	0.0(466)
350	-0.14	-0.15(-0.15)	0.01(196)
350	-0.13	-0.16(-0.16)	0.03(53.4)
360	-0.07	-0.11(-0.11)	0.03(6.86)
360	-0.13	-0.14(-0.14)	0.0(534)
360	-0.13	-0.14(-0.14)	0.01(224)
360	-0.15	-0.18(-0.18)	0.03(59.7)
370	-0.08	-0.12(-0.12)	0.03(6.89)
370	-0.12	-0.12(-0.12)	0.0(496)
370	-0.12	-0.13(-0.13)	0.01(209)
370	-0.14	-0.17(-0.17)	0.03(58.0)
380	-0.11	-0.13(-0.13)	0.02(4.92)
380	-0.17	-0.17(-0.17)	0.0(388)
380	-0.17	-0.18(-0.18)	0.01(160)
380	-0.18	-0.2(-0.2)	0.02(42.2)
390	-0.11	-0.15(-0.15)	0.04(8.32)
390	-0.14	-0.15(-0.15)	0.0(601)
390	-0.14	-0.15(-0.15)	0.01(252)
390	-0.15	-0.18(-0.18)	0.03(69.4)
400	-0.02	-0.05(-0.05)	0.03(6.18)
400	-0.07	-0.07(-0.07)	0.0(442)
400	-0.06	-0.07(-0.07)	0.01(186)
400	-0.05	-0.08(-0.08)	0.03(51.9)
Trying to load config file configs/lr_rate.toml but it doesnt exist
{'toml': 'configs/lr_rate.toml', 'experiment': None, 'layer': 6, 'feature': 0, 'target': 0, 'seed': 6247423, 'grid': 0.01, 'lr': 0.1, 'network': 35, 'patch': 16, 'sign': 1, 'method': 'in_feat', 'dir': None, 'exp_no': '1640809477'}
Loaded pretrained weights.
#i	Loss	VTE	TV
Trying to load config file configs/lr_rate.toml but it doesnt exist
{'toml': 'configs/lr_rate.toml', 'experiment': None, 'layer': 6, 'feature': 0, 'target': 0, 'seed': 6247423, 'grid': 10.0, 'lr': 0.1, 'network': 35, 'patch': 16, 'sign': 1, 'method': 'in_feat', 'dir': None, 'exp_no': '1640809477'}
Loaded pretrained weights.
#i	Loss	VTE	TV
Trying to load config file configs/lr_rate.toml but it doesnt exist
{'toml': 'configs/lr_rate.toml', 'experiment': None, 'layer': 6, 'feature': 0, 'target': 0, 'seed': 6247423, 'grid': 1.0, 'lr': 0.1, 'network': 35, 'patch': 16, 'sign': 1, 'method': 'in_feat', 'dir': None, 'exp_no': '1640809477'}
Loaded pretrained weights.
#i	Loss	VTE	TV
Trying to load config file configs/lr_rate.toml but it doesnt exist
{'toml': 'configs/lr_rate.toml', 'experiment': None, 'layer': 6, 'feature': 0, 'target': 0, 'seed': 6247423, 'grid': 0.1, 'lr': 0.1, 'network': 35, 'patch': 16, 'sign': 1, 'method': 'in_feat', 'dir': None, 'exp_no': '1640809477'}
Loaded pretrained weights.
#i	Loss	VTE	TV
0	0.01	0.01(0.01)	0.0(755)
0	3.78	0.01(0.01)	3.78(755)
0	0.38	0.01(0.01)	0.38(755)
0	0.04	0.01(0.01)	0.04(755)
10	-0.04	-0.05(-0.05)	0.0(584)
10	-0.02	-0.05(-0.05)	0.03(505)
10	0.02	-0.06(-0.06)	0.08(167)
10	0.33	-0.04(-0.04)	0.37(73.5)
20	-0.04	-0.04(-0.04)	0.0(831)
20	-0.01	-0.04(-0.04)	0.03(657)
20	0.07	-0.05(-0.05)	0.12(237)
20	0.47	-0.03(-0.03)	0.5(99.9)
30	-0.04	-0.05(-0.05)	0.0(667)
30	-0.02	-0.05(-0.05)	0.03(504)
30	0.05	-0.06(-0.06)	0.11(216)
30	0.35	-0.05(-0.05)	0.39(78.9)
40	-0.05	-0.05(-0.05)	0.0(713)
40	-0.03	-0.06(-0.06)	0.03(521)
40	0.01	-0.07(-0.07)	0.08(153)
40	0.49	-0.04(-0.04)	0.54(107)
50	-0.05	-0.06(-0.06)	0.0(684)
50	-0.03	-0.06(-0.06)	0.02(489)
50	0.01	-0.08(-0.08)	0.09(182)
50	0.32	-0.07(-0.07)	0.4(79.3)
60	-0.03	-0.03(-0.03)	0.0(682)
60	-0.01	-0.03(-0.03)	0.03(522)
60	0.04	-0.04(-0.04)	0.08(170)
60	0.22	-0.04(-0.04)	0.26(51.5)
70	-0.05	-0.05(-0.05)	0.0(627)
70	-0.03	-0.06(-0.06)	0.02(491)
70	0.03	-0.06(-0.06)	0.09(189)
70	0.28	-0.06(-0.06)	0.34(68.2)
80	-0.04	-0.04(-0.04)	0.0(651)
80	-0.02	-0.04(-0.04)	0.03(516)
80	0.06	-0.05(-0.05)	0.12(233)
80	0.32	-0.03(-0.03)	0.35(70.5)
90	-0.04	-0.04(-0.04)	0.0(608)
90	-0.02	-0.04(-0.04)	0.02(496)
90	0.04	-0.05(-0.05)	0.09(187)
90	0.27	-0.03(-0.03)	0.3(60.8)
100	-0.06	-0.06(-0.06)	0.0(581)
100	-0.05	-0.07(-0.07)	0.02(455)
100	-0.0	-0.08(-0.08)	0.08(150)
100	0.28	-0.05(-0.05)	0.33(66.1)
110	-0.04	-0.07(-0.07)	0.03(507)
110	-0.06	-0.06(-0.06)	0.0(635)
110	-0.01	-0.1(-0.1)	0.09(186)
110	0.18	-0.09(-0.09)	0.26(52.8)
120	-0.02	-0.05(-0.05)	0.03(657)
120	-0.04	-0.05(-0.05)	0.0(825)
120	0.06	-0.07(-0.07)	0.13(264)
120	0.26	-0.06(-0.06)	0.32(63.1)
130	-0.06	-0.09(-0.09)	0.03(514)
130	-0.08	-0.08(-0.08)	0.0(643)
130	-0.02	-0.12(-0.12)	0.11(215)
130	0.15	-0.11(-0.11)	0.27(53.2)
140	-0.05	-0.08(-0.08)	0.03(501)
140	-0.07	-0.08(-0.08)	0.0(638)
140	0.0	-0.09(-0.09)	0.1(195)
140	0.18	-0.07(-0.07)	0.25(50.5)
150	-0.03	-0.05(-0.05)	0.03(574)
150	-0.05	-0.05(-0.05)	0.0(694)
150	0.08	-0.07(-0.07)	0.14(287)
150	0.32	-0.06(-0.06)	0.38(76.0)
160	-0.03	-0.05(-0.05)	0.03(539)
160	-0.05	-0.05(-0.05)	0.0(665)
160	0.03	-0.07(-0.07)	0.09(184)
160	0.23	-0.06(-0.06)	0.29(57.9)
170	-0.07	-0.09(-0.09)	0.02(400)
170	-0.08	-0.09(-0.09)	0.0(517)
170	-0.05	-0.12(-0.12)	0.08(154)
170	0.15	-0.09(-0.09)	0.24(47.3)
180	-0.04	-0.07(-0.07)	0.03(519)
180	-0.06	-0.06(-0.06)	0.0(663)
180	0.0	-0.09(-0.09)	0.09(190)
180	0.13	-0.06(-0.06)	0.19(38.2)
190	-0.07	-0.1(-0.1)	0.02(448)
190	-0.09	-0.09(-0.09)	0.0(575)
190	-0.01	-0.1(-0.1)	0.1(190)
190	0.18	-0.08(-0.08)	0.26(51.2)
200	-0.07	-0.1(-0.1)	0.03(521)
200	-0.09	-0.09(-0.09)	0.0(671)
200	-0.0	-0.11(-0.11)	0.11(213)
200	0.12	-0.1(-0.1)	0.23(45.1)
210	-0.09	-0.11(-0.11)	0.02(347)
210	-0.1	-0.1(-0.1)	0.0(455)
210	-0.08	-0.14(-0.14)	0.07(139)
210	0.02	-0.12(-0.12)	0.14(27.9)
220	-0.08	-0.1(-0.1)	0.02(458)
220	-0.09	-0.09(-0.09)	0.0(613)
220	-0.06	-0.13(-0.13)	0.07(142)
220	0.05	-0.11(-0.11)	0.16(31.7)
230	-0.03	-0.06(-0.06)	0.03(533)
230	-0.05	-0.05(-0.05)	0.0(706)
230	0.02	-0.08(-0.08)	0.1(201)
230	0.24	-0.06(-0.06)	0.3(60.3)
240	-0.1	-0.11(-0.11)	0.02(351)
240	-0.11	-0.11(-0.11)	0.0(473)
240	-0.07	-0.14(-0.14)	0.06(128)
240	0.02	-0.11(-0.11)	0.12(24.6)
250	-0.09	-0.11(-0.11)	0.02(430)
250	-0.1	-0.1(-0.1)	0.0(599)
250	-0.05	-0.12(-0.12)	0.07(142)
250	0.04	-0.1(-0.1)	0.14(27.8)
260	-0.07	-0.09(-0.09)	0.02(443)
260	-0.08	-0.09(-0.09)	0.0(630)
260	-0.03	-0.1(-0.1)	0.07(142)
260	0.03	-0.08(-0.08)	0.12(23.2)
270	-0.11	-0.13(-0.13)	0.02(385)
270	-0.12	-0.12(-0.12)	0.0(558)
270	-0.11	-0.17(-0.17)	0.06(120)
270	-0.04	-0.14(-0.14)	0.1(20.8)
280	-0.07	-0.09(-0.09)	0.02(414)
280	-0.08	-0.08(-0.08)	0.0(609)
280	-0.03	-0.11(-0.11)	0.08(151)
280	0.04	-0.08(-0.08)	0.12(23.5)
290	-0.09	-0.11(-0.11)	0.02(347)
290	-0.1	-0.1(-0.1)	0.0(529)
290	-0.08	-0.12(-0.12)	0.05(98.0)
290	-0.02	-0.1(-0.1)	0.08(15.4)
300	-0.09	-0.11(-0.11)	0.02(389)
300	-0.1	-0.1(-0.1)	0.0(608)
300	-0.1	-0.15(-0.15)	0.05(97.3)
300	-0.03	-0.11(-0.11)	0.08(15.8)
310	-0.12	-0.13(-0.13)	0.01(242)
310	-0.12	-0.13(-0.13)	0.0(394)
310	-0.12	-0.15(-0.15)	0.03(60.5)
310	-0.06	-0.11(-0.11)	0.05(9.54)
320	-0.12	-0.13(-0.13)	0.01(294)
320	-0.12	-0.12(-0.12)	0.0(489)
320	-0.12	-0.16(-0.16)	0.04(77.9)
320	-0.05	-0.11(-0.11)	0.06(12.8)
330	-0.1	-0.11(-0.11)	0.02(302)
330	-0.1	-0.1(-0.1)	0.0(511)
330	-0.09	-0.13(-0.13)	0.04(80.0)
330	-0.03	-0.09(-0.09)	0.06(13.0)
340	-0.11	-0.13(-0.13)	0.01(289)
340	-0.11	-0.12(-0.12)	0.0(503)
340	-0.11	-0.15(-0.15)	0.04(75.0)
340	-0.05	-0.1(-0.1)	0.06(11.0)
350	-0.13	-0.14(-0.14)	0.01(263)
350	-0.14	-0.14(-0.14)	0.0(466)
350	-0.13	-0.16(-0.16)	0.03(67.2)
350	-0.07	-0.12(-0.12)	0.05(9.83)
360	-0.13	-0.14(-0.14)	0.01(296)
360	-0.12	-0.12(-0.12)	0.0(531)
360	-0.14	-0.17(-0.17)	0.04(73.3)
360	-0.07	-0.12(-0.12)	0.05(10.2)
370	-0.11	-0.13(-0.13)	0.01(274)
370	-0.12	-0.12(-0.12)	0.0(492)
370	-0.12	-0.16(-0.16)	0.03(68.2)
370	-0.07	-0.12(-0.12)	0.05(9.61)
380	-0.16	-0.17(-0.17)	0.01(209)
380	-0.16	-0.16(-0.16)	0.0(384)
380	-0.17	-0.2(-0.2)	0.02(49.9)
380	-0.11	-0.14(-0.14)	0.03(6.84)
390	-0.13	-0.15(-0.15)	0.02(327)
390	-0.13	-0.14(-0.14)	0.0(594)
390	-0.15	-0.19(-0.19)	0.04(80.5)
390	-0.1	-0.16(-0.16)	0.06(11.5)
400	-0.06	-0.07(-0.07)	0.01(242)
400	-0.06	-0.07(-0.07)	0.0(437)
400	-0.05	-0.08(-0.08)	0.03(59.9)
400	-0.01	-0.05(-0.05)	0.04(8.57)
Trying to load config file configs/lr_rate.toml but it doesnt exist
{'toml': 'configs/lr_rate.toml', 'experiment': None, 'layer': 6, 'feature': 0, 'target': 0, 'seed': 6247423, 'grid': 1.0, 'lr': 0.3, 'network': 35, 'patch': 16, 'sign': 1, 'method': 'in_feat', 'dir': None, 'exp_no': '1640809478'}
Loaded pretrained weights.
#i	Loss	VTE	TV
Trying to load config file configs/lr_rate.toml but it doesnt exist
{'toml': 'configs/lr_rate.toml', 'experiment': None, 'layer': 6, 'feature': 0, 'target': 0, 'seed': 6247423, 'grid': 0.1, 'lr': 0.3, 'network': 35, 'patch': 16, 'sign': 1, 'method': 'in_feat', 'dir': None, 'exp_no': '1640809479'}
Loaded pretrained weights.
#i	Loss	VTE	TV
0	0.38	0.01(0.01)	0.38(755)
0	0.04	0.01(0.01)	0.04(755)
Trying to load config file configs/lr_rate.toml but it doesnt exist
{'toml': 'configs/lr_rate.toml', 'experiment': None, 'layer': 6, 'feature': 0, 'target': 0, 'seed': 6247423, 'grid': 10.0, 'lr': 0.3, 'network': 35, 'patch': 16, 'sign': 1, 'method': 'in_feat', 'dir': None, 'exp_no': '1640809480'}
Loaded pretrained weights.
#i	Loss	VTE	TV
Trying to load config file configs/lr_rate.toml but it doesnt exist
{'toml': 'configs/lr_rate.toml', 'experiment': None, 'layer': 6, 'feature': 0, 'target': 0, 'seed': 6247423, 'grid': 0.01, 'lr': 0.3, 'network': 35, 'patch': 16, 'sign': 1, 'method': 'in_feat', 'dir': None, 'exp_no': '1640809479'}
Loaded pretrained weights.
#i	Loss	VTE	TV
0	3.78	0.01(0.01)	3.78(755)
0	0.01	0.01(0.01)	0.0(755)
10	0.05	-0.05(-0.05)	0.11(213)
10	-0.01	-0.03(-0.03)	0.02(475)
10	0.83	-0.04(-0.04)	0.87(173)
10	-0.03	-0.03(-0.03)	0.0(580)
20	0.22	-0.03(-0.03)	0.25(502)
20	0.0	-0.03(-0.03)	0.03(657)
20	0.99	-0.03(-0.03)	1.02(204)
20	-0.03	-0.03(-0.03)	0.0(838)
30	0.12	-0.04(-0.04)	0.16(322)
30	0.0	-0.03(-0.03)	0.03(634)
30	1.06	-0.05(-0.05)	1.11(222)
30	-0.03	-0.03(-0.03)	0.0(715)
40	0.09	-0.05(-0.05)	0.13(267)
40	-0.02	-0.05(-0.05)	0.03(586)
40	1.43	-0.04(-0.04)	1.47(293)
40	-0.05	-0.05(-0.05)	0.0(759)
50	0.09	-0.05(-0.05)	0.13(269)
50	0.0	-0.03(-0.03)	0.03(567)
50	0.89	-0.08(-0.08)	0.97(194)
50	-0.03	-0.03(-0.03)	0.0(710)
60	0.12	-0.02(-0.02)	0.14(277)
60	0.03	-0.0(-0.0)	0.03(638)
60	0.76	-0.04(-0.04)	0.8(160)
60	-0.0	-0.0(-0.0)	0.0(764)
70	0.09	-0.05(-0.05)	0.14(272)
70	-0.01	-0.04(-0.04)	0.03(632)
70	0.92	-0.05(-0.05)	0.97(195)
70	-0.04	-0.04(-0.04)	0.0(720)
80	0.16	-0.03(-0.03)	0.18(367)
80	0.01	-0.02(-0.02)	0.03(661)
80	0.78	-0.04(-0.04)	0.82(164)
80	-0.02	-0.02(-0.02)	0.0(754)
90	0.14	-0.03(-0.03)	0.18(352)
90	-0.0	-0.03(-0.03)	0.03(591)
90	0.99	-0.04(-0.04)	1.02(205)
90	-0.02	-0.03(-0.03)	0.0(690)
100	0.1	-0.05(-0.05)	0.14(282)
100	-0.01	-0.04(-0.04)	0.03(561)
100	0.71	-0.06(-0.06)	0.77(153)
100	-0.03	-0.04(-0.04)	0.0(654)
110	0.09	-0.06(-0.06)	0.15(295)
110	-0.01	-0.04(-0.04)	0.03(665)
110	0.65	-0.08(-0.08)	0.73(147)
110	-0.03	-0.04(-0.04)	0.0(735)
120	0.15	-0.05(-0.05)	0.19(384)
120	0.01	-0.03(-0.03)	0.04(822)
120	0.9	-0.07(-0.07)	0.97(193)
120	-0.02	-0.03(-0.03)	0.0(937)
130	0.06	-0.08(-0.08)	0.14(281)
130	-0.02	-0.05(-0.05)	0.03(650)
130	0.52	-0.11(-0.11)	0.63(127)
130	-0.04	-0.05(-0.05)	0.0(733)
140	-0.02	-0.05(-0.05)	0.03(652)
140	0.09	-0.07(-0.07)	0.17(333)
140	0.66	-0.07(-0.07)	0.73(146)
140	-0.05	-0.05(-0.05)	0.0(731)
150	0.0	-0.04(-0.04)	0.04(756)
150	0.18	-0.05(-0.05)	0.22(444)
150	0.75	-0.05(-0.05)	0.81(162)
150	-0.03	-0.03(-0.03)	0.0(828)
160	-0.01	-0.04(-0.04)	0.03(672)
160	0.1	-0.06(-0.06)	0.16(320)
160	0.7	-0.06(-0.06)	0.76(153)
160	-0.04	-0.04(-0.04)	0.0(769)
170	-0.04	-0.06(-0.06)	0.02(478)
170	0.03	-0.09(-0.09)	0.12(240)
170	0.52	-0.09(-0.09)	0.61(123)
170	-0.06	-0.06(-0.06)	0.0(575)
180	-0.01	-0.04(-0.04)	0.03(670)
180	0.1	-0.06(-0.06)	0.16(322)
180	0.57	-0.07(-0.07)	0.64(127)
180	-0.04	-0.04(-0.04)	0.0(770)
190	-0.05	-0.08(-0.08)	0.03(601)
190	0.08	-0.09(-0.09)	0.17(340)
190	-0.07	-0.08(-0.08)	0.0(682)
190	0.6	-0.07(-0.07)	0.67(134)
200	-0.03	-0.06(-0.06)	0.04(716)
200	0.1	-0.08(-0.08)	0.18(368)
200	-0.06	-0.06(-0.06)	0.0(808)
200	0.62	-0.09(-0.09)	0.71(143)
210	-0.05	-0.08(-0.08)	0.02(461)
210	0.0	-0.11(-0.11)	0.11(220)
210	0.24	-0.12(-0.12)	0.35(70.9)
210	-0.07	-0.08(-0.08)	0.0(533)
220	-0.02	-0.05(-0.05)	0.03(624)
220	0.05	-0.09(-0.09)	0.13(262)
220	0.31	-0.1(-0.1)	0.41(82.5)
220	-0.05	-0.05(-0.05)	0.0(737)
230	0.13	-0.05(-0.05)	0.18(358)
230	0.0	-0.03(-0.03)	0.04(729)
230	0.52	-0.06(-0.06)	0.59(117)
230	-0.03	-0.03(-0.03)	0.0(849)
240	-0.0	-0.12(-0.12)	0.12(231)
240	-0.06	-0.08(-0.08)	0.02(492)
240	0.19	-0.11(-0.11)	0.3(60.6)
240	-0.08	-0.09(-0.09)	0.0(572)
250	0.03	-0.11(-0.11)	0.14(280)
250	-0.05	-0.08(-0.08)	0.03(595)
250	0.3	-0.09(-0.09)	0.39(78.1)
250	-0.07	-0.08(-0.08)	0.0(708)
260	0.05	-0.08(-0.08)	0.14(274)
260	-0.03	-0.06(-0.06)	0.03(635)
260	0.31	-0.08(-0.08)	0.4(79.0)
260	-0.06	-0.06(-0.06)	0.0(753)
270	-0.01	-0.13(-0.13)	0.12(242)
270	-0.07	-0.1(-0.1)	0.03(554)
270	0.14	-0.13(-0.13)	0.28(55.2)
270	-0.09	-0.09(-0.09)	0.0(669)
280	0.05	-0.09(-0.09)	0.14(285)
280	-0.04	-0.07(-0.07)	0.03(619)
280	0.19	-0.09(-0.09)	0.27(54.7)
280	-0.06	-0.06(-0.06)	0.0(741)
290	-0.03	-0.12(-0.12)	0.09(177)
290	-0.06	-0.09(-0.09)	0.03(519)
290	0.11	-0.09(-0.09)	0.2(40.3)
290	-0.08	-0.09(-0.09)	0.0(643)
300	-0.04	-0.12(-0.12)	0.08(166)
300	-0.05	-0.08(-0.08)	0.03(565)
300	-0.07	-0.07(-0.07)	0.0(728)
300	0.12	-0.1(-0.1)	0.22(43.8)
310	-0.07	-0.13(-0.13)	0.06(122)
310	-0.09	-0.11(-0.11)	0.02(347)
310	-0.11	-0.11(-0.11)	0.0(465)
310	0.01	-0.11(-0.11)	0.12(23.6)
320	-0.06	-0.14(-0.14)	0.08(158)
320	-0.09	-0.11(-0.11)	0.02(416)
320	-0.11	-0.11(-0.11)	0.0(573)
320	0.06	-0.12(-0.12)	0.19(37.1)
330	-0.06	-0.12(-0.12)	0.06(127)
330	-0.08	-0.1(-0.1)	0.02(420)
330	-0.08	-0.08(-0.08)	0.0(592)
330	0.03	-0.1(-0.1)	0.12(24.6)
340	-0.08	-0.14(-0.14)	0.06(123)
340	-0.09	-0.11(-0.11)	0.02(399)
340	-0.1	-0.1(-0.1)	0.0(581)
340	-0.03	-0.12(-0.12)	0.09(17.2)
350	-0.11	-0.16(-0.16)	0.05(98.0)
350	-0.11	-0.13(-0.13)	0.02(357)
350	-0.12	-0.12(-0.12)	0.0(533)
350	-0.05	-0.11(-0.11)	0.07(13.6)
360	-0.11	-0.16(-0.16)	0.05(99.4)
360	-0.11	-0.13(-0.13)	0.02(391)
360	-0.11	-0.11(-0.11)	0.0(600)
360	-0.06	-0.12(-0.12)	0.07(13.2)
370	-0.11	-0.15(-0.15)	0.04(86.1)
370	-0.1	-0.11(-0.11)	0.02(352)
370	-0.1	-0.11(-0.11)	0.0(551)
370	-0.06	-0.11(-0.11)	0.06(11.6)
380	-0.16	-0.19(-0.19)	0.03(61.1)
380	-0.14	-0.15(-0.15)	0.01(268)
380	-0.15	-0.15(-0.15)	0.0(429)
380	-0.1	-0.15(-0.15)	0.04(8.31)
390	-0.12	-0.17(-0.17)	0.05(96.0)
390	-0.11	-0.13(-0.13)	0.02(414)
390	-0.12	-0.12(-0.12)	0.0(662)
390	-0.09	-0.15(-0.15)	0.07(13.5)
400	-0.04	-0.08(-0.08)	0.04(71.0)
400	-0.06	-0.07(-0.07)	0.02(304)
400	-0.06	-0.06(-0.06)	0.0(486)
400	0.01	-0.04(-0.04)	0.05(10.0)
Trying to load config file configs/lr_rate.toml but it doesnt exist
{'toml': 'configs/lr_rate.toml', 'experiment': None, 'layer': 6, 'feature': 0, 'target': 0, 'seed': 6247423, 'grid': 0.01, 'lr': 1.0, 'network': 35, 'patch': 16, 'sign': 1, 'method': 'in_feat', 'dir': None, 'exp_no': '1640809481'}
Loaded pretrained weights.
#i	Loss	VTE	TV
0	0.01	0.01(0.01)	0.0(755)
Trying to load config file configs/lr_rate.toml but it doesnt exist
{'toml': 'configs/lr_rate.toml', 'experiment': None, 'layer': 6, 'feature': 0, 'target': 0, 'seed': 6247423, 'grid': 0.1, 'lr': 1.0, 'network': 35, 'patch': 16, 'sign': 1, 'method': 'in_feat', 'dir': None, 'exp_no': '1640809481'}
Loaded pretrained weights.
#i	Loss	VTE	TV
Trying to load config file configs/lr_rate.toml but it doesnt exist
{'toml': 'configs/lr_rate.toml', 'experiment': None, 'layer': 6, 'feature': 0, 'target': 0, 'seed': 6247423, 'grid': 10.0, 'lr': 1.0, 'network': 35, 'patch': 16, 'sign': 1, 'method': 'in_feat', 'dir': None, 'exp_no': '1642470751'}
Loaded pretrained weights.
#i	Loss	VTE	TV
Trying to load config file configs/lr_rate.toml but it doesnt exist
{'toml': 'configs/lr_rate.toml', 'experiment': None, 'layer': 6, 'feature': 0, 'target': 0, 'seed': 6247423, 'grid': 1.0, 'lr': 1.0, 'network': 35, 'patch': 16, 'sign': 1, 'method': 'in_feat', 'dir': None, 'exp_no': '1640809481'}
Loaded pretrained weights.
#i	Loss	VTE	TV
0	0.04	0.01(0.01)	0.04(755)
0	3.78	0.01(0.01)	3.78(755)
0	0.38	0.01(0.01)	0.38(755)
10	-0.0	-0.01(-0.01)	0.0(649)
10	0.02	-0.01(-0.01)	0.03(571)
10	0.2	-0.02(-0.02)	0.22(446)
10	2.54	-0.03(-0.03)	2.57(515)
20	0.0	-0.0(-0.0)	0.0(962)
20	0.04	-0.0(-0.0)	0.04(871)
20	0.4	-0.01(-0.01)	0.41(818)
20	2.73	-0.02(-0.02)	2.74(549)
30	-0.01	-0.02(-0.02)	0.0(849)
30	0.02	-0.02(-0.02)	0.04(779)
30	0.26	-0.02(-0.02)	0.28(556)
30	3.56	-0.03(-0.03)	3.6(719)
40	-0.03	-0.04(-0.04)	0.0(816)
40	-0.01	-0.04(-0.04)	0.03(681)
40	0.29	-0.03(-0.03)	0.32(642)
40	4.12	-0.03(-0.03)	4.15(829)
50	0.0	-0.0(-0.0)	0.0(846)
50	0.04	0.0(0.0)	0.04(777)
50	0.34	-0.01(-0.01)	0.35(693)
50	2.47	-0.05(-0.05)	2.51(503)
60	0.02	0.02(0.02)	0.0(850)
60	0.06	0.02(0.02)	0.04(747)
60	0.27	0.01(0.01)	0.26(528)
60	2.64	-0.02(-0.02)	2.66(533)
70	-0.02	-0.03(-0.03)	0.0(784)
70	0.01	-0.03(-0.03)	0.03(680)
70	0.23	-0.03(-0.03)	0.26(526)
70	2.52	-0.03(-0.03)	2.55(510)
80	-0.0	-0.01(-0.01)	0.0(835)
80	0.03	-0.01(-0.01)	0.04(770)
80	0.28	-0.01(-0.01)	0.29(584)
80	1.99	-0.03(-0.03)	2.02(405)
90	-0.01	-0.01(-0.01)	0.0(741)
90	0.02	-0.01(-0.01)	0.03(688)
90	0.25	-0.02(-0.02)	0.27(540)
90	2.98	-0.02(-0.02)	2.99(598)
100	-0.01	-0.01(-0.01)	0.0(723)
100	0.02	-0.01(-0.01)	0.03(645)
100	2.18	-0.04(-0.04)	2.22(444)
100	0.23	-0.02(-0.02)	0.25(496)
110	-0.01	-0.01(-0.01)	0.0(819)
110	0.02	-0.02(-0.02)	0.04(750)
110	2.22	-0.06(-0.06)	2.27(455)
110	0.22	-0.02(-0.02)	0.25(493)
120	-0.0	-0.01(-0.01)	0.01(1087)
120	0.04	-0.01(-0.01)	0.05(1009)
120	2.42	-0.04(-0.04)	2.46(492)
120	0.27	-0.02(-0.02)	0.3(592)
130	-0.02	-0.03(-0.03)	0.0(838)
130	0.01	-0.03(-0.03)	0.04(762)
130	1.84	-0.07(-0.07)	1.92(384)
130	0.21	-0.04(-0.04)	0.25(500)
140	-0.02	-0.02(-0.02)	0.0(849)
140	0.01	-0.03(-0.03)	0.04(797)
140	2.27	-0.06(-0.06)	2.33(466)
140	0.22	-0.04(-0.04)	0.26(523)
150	-0.02	-0.02(-0.02)	0.0(905)
150	2.49	-0.04(-0.04)	2.53(506)
150	0.02	-0.02(-0.02)	0.04(845)
150	0.26	-0.03(-0.03)	0.29(572)
160	2.19	-0.05(-0.05)	2.23(447)
160	-0.03	-0.03(-0.03)	0.0(838)
160	0.0	-0.04(-0.04)	0.04(770)
160	0.19	-0.04(-0.04)	0.24(472)
170	1.76	-0.06(-0.06)	1.82(364)
170	-0.04	-0.04(-0.04)	0.0(608)
170	-0.01	-0.04(-0.04)	0.03(527)
170	0.16	-0.04(-0.04)	0.2(399)
180	1.73	-0.05(-0.05)	1.79(358)
180	-0.01	-0.01(-0.01)	0.0(876)
180	0.03	-0.01(-0.01)	0.04(810)
180	0.22	-0.02(-0.02)	0.25(492)
190	1.92	-0.06(-0.06)	1.98(396)
190	-0.07	-0.07(-0.07)	0.0(736)
190	-0.04	-0.07(-0.07)	0.03(675)
190	0.16	-0.07(-0.07)	0.23(467)
200	2.43	-0.04(-0.04)	2.47(494)
200	-0.05	-0.06(-0.06)	0.0(885)
200	-0.02	-0.06(-0.06)	0.04(819)
200	0.16	-0.09(-0.09)	0.26(511)
210	1.01	-0.1(-0.1)	1.1(221)
210	-0.04	-0.04(-0.04)	0.0(607)
210	-0.02	-0.04(-0.04)	0.03(552)
210	0.09	-0.06(-0.06)	0.15(295)
220	1.15	-0.07(-0.07)	1.23(246)
220	-0.01	-0.02(-0.02)	0.0(821)
220	0.02	-0.02(-0.02)	0.04(727)
220	0.16	-0.03(-0.03)	0.18(366)
230	1.33	-0.05(-0.05)	1.38(277)
230	0.01	0.0(0.0)	0.0(937)
230	0.05	0.0(0.0)	0.04(850)
230	0.28	-0.0(-0.0)	0.28(556)
240	0.62	-0.11(-0.11)	0.72(145)
240	-0.05	-0.05(-0.05)	0.0(642)
240	-0.03	-0.06(-0.06)	0.03(579)
240	0.11	-0.07(-0.07)	0.18(351)
250	1.07	-0.08(-0.08)	1.15(230)
250	-0.03	-0.04(-0.04)	0.0(810)
250	-0.0	-0.04(-0.04)	0.04(782)
250	0.18	-0.06(-0.06)	0.23(461)
260	0.96	-0.07(-0.07)	1.03(206)
260	-0.02	-0.02(-0.02)	0.0(890)
260	0.01	-0.03(-0.03)	0.04(812)
260	0.17	-0.05(-0.05)	0.22(432)
270	0.68	-0.11(-0.11)	0.79(159)
270	-0.04	-0.05(-0.05)	0.0(750)
270	-0.01	-0.05(-0.05)	0.03(649)
270	0.13	-0.06(-0.06)	0.19(378)
280	0.68	-0.09(-0.09)	0.77(154)
280	-0.03	-0.03(-0.03)	0.0(848)
280	0.0	-0.03(-0.03)	0.04(755)
280	0.14	-0.05(-0.05)	0.19(389)
290	0.48	-0.1(-0.1)	0.58(115)
290	-0.07	-0.07(-0.07)	0.0(726)
290	-0.05	-0.08(-0.08)	0.03(622)
290	0.06	-0.1(-0.1)	0.15(309)
300	0.6	-0.09(-0.09)	0.69(138)
300	-0.04	-0.04(-0.04)	0.0(815)
300	-0.01	-0.04(-0.04)	0.03(688)
300	0.08	-0.07(-0.07)	0.15(291)
310	0.23	-0.12(-0.12)	0.34(68.6)
310	-0.08	-0.08(-0.08)	0.0(528)
310	-0.05	-0.08(-0.08)	0.02(452)
310	0.02	-0.1(-0.1)	0.12(240)
320	0.28	-0.12(-0.12)	0.4(79.7)
320	-0.08	-0.09(-0.09)	0.0(662)
320	-0.05	-0.08(-0.08)	0.03(566)
320	0.04	-0.1(-0.1)	0.14(284)
330	0.35	-0.09(-0.09)	0.44(88.4)
330	-0.05	-0.06(-0.06)	0.0(687)
330	-0.03	-0.06(-0.06)	0.03(578)
330	0.04	-0.09(-0.09)	0.13(258)
340	0.08	-0.13(-0.13)	0.21(41.7)
340	-0.08	-0.08(-0.08)	0.0(678)
340	-0.06	-0.09(-0.09)	0.03(568)
340	-0.01	-0.12(-0.12)	0.11(211)
350	0.07	-0.11(-0.11)	0.19(37.8)
350	-0.11	-0.11(-0.11)	0.0(615)
350	-0.09	-0.12(-0.12)	0.03(500)
350	-0.05	-0.14(-0.14)	0.09(181)
360	0.01	-0.13(-0.13)	0.13(26.8)
360	-0.09	-0.09(-0.09)	0.0(679)
360	-0.07	-0.1(-0.1)	0.03(535)
360	-0.04	-0.13(-0.13)	0.09(170)
370	-0.02	-0.12(-0.12)	0.1(19.4)
370	-0.09	-0.1(-0.1)	0.0(609)
370	-0.08	-0.1(-0.1)	0.02(461)
370	-0.08	-0.14(-0.14)	0.06(119)
380	-0.1	-0.16(-0.16)	0.06(11.9)
380	-0.14	-0.14(-0.14)	0.0(468)
380	-0.14	-0.15(-0.15)	0.02(343)
380	-0.14	-0.18(-0.18)	0.04(75.3)
390	-0.06	-0.15(-0.15)	0.09(17.3)
390	-0.11	-0.12(-0.12)	0.0(716)
390	-0.1	-0.13(-0.13)	0.03(521)
390	-0.11	-0.16(-0.16)	0.06(115)
400	0.02	-0.05(-0.05)	0.06(12.5)
400	-0.06	-0.06(-0.06)	0.0(525)
400	-0.04	-0.06(-0.06)	0.02(382)
400	-0.03	-0.07(-0.07)	0.04(83.6)
Trying to load config file configs/lr_rate.toml but it doesnt exist
{'toml': 'configs/lr_rate.toml', 'experiment': None, 'layer': 9, 'feature': 0, 'target': 0, 'seed': 6247423, 'grid': 1.0, 'lr': 0.01, 'network': 35, 'patch': 16, 'sign': 1, 'method': 'in_feat', 'dir': None, 'exp_no': '1642470755'}
Loaded pretrained weights.
#i	Loss	VTE	TV
0	0.34	-0.03(-0.03)	0.38(755)
Trying to load config file configs/lr_rate.toml but it doesnt exist
{'toml': 'configs/lr_rate.toml', 'experiment': None, 'layer': 9, 'feature': 0, 'target': 0, 'seed': 6247423, 'grid': 0.01, 'lr': 0.01, 'network': 35, 'patch': 16, 'sign': 1, 'method': 'in_feat', 'dir': None, 'exp_no': '1642470753'}
Loaded pretrained weights.
#i	Loss	VTE	TV
Trying to load config file configs/lr_rate.toml but it doesnt exist
{'toml': 'configs/lr_rate.toml', 'experiment': None, 'layer': 9, 'feature': 0, 'target': 0, 'seed': 6247423, 'grid': 10.0, 'lr': 0.01, 'network': 35, 'patch': 16, 'sign': 1, 'method': 'in_feat', 'dir': None, 'exp_no': '1642470752'}
Loaded pretrained weights.
#i	Loss	VTE	TV
Trying to load config file configs/lr_rate.toml but it doesnt exist
{'toml': 'configs/lr_rate.toml', 'experiment': None, 'layer': 9, 'feature': 0, 'target': 0, 'seed': 6247423, 'grid': 0.1, 'lr': 0.01, 'network': 35, 'patch': 16, 'sign': 1, 'method': 'in_feat', 'dir': None, 'exp_no': '1642470754'}
Loaded pretrained weights.
#i	Loss	VTE	TV
0	-0.03	-0.03(-0.03)	0.0(755)
0	3.74	-0.03(-0.03)	3.78(755)
0	0.0	-0.03(-0.03)	0.04(755)
10	0.19	-0.07(-0.07)	0.26(515)
10	-0.06	-0.07(-0.07)	0.0(603)
10	2.12	-0.06(-0.06)	2.18(435)
10	-0.04	-0.07(-0.07)	0.03(593)
20	0.26	-0.06(-0.06)	0.32(639)
20	-0.05	-0.06(-0.06)	0.0(879)
20	2.08	-0.05(-0.05)	2.13(426)
20	-0.01	-0.06(-0.06)	0.04(852)
30	0.13	-0.09(-0.09)	0.22(440)
30	-0.08	-0.09(-0.09)	0.0(722)
30	0.92	-0.08(-0.08)	1.01(201)
30	-0.05	-0.09(-0.09)	0.03(691)
40	0.11	-0.09(-0.09)	0.2(395)
40	-0.08	-0.08(-0.08)	0.0(776)
40	0.34	-0.07(-0.07)	0.41(82.5)
40	-0.04	-0.08(-0.08)	0.04(734)
50	0.03	-0.12(-0.12)	0.16(311)
50	-0.11	-0.12(-0.12)	0.0(753)
50	0.02	-0.09(-0.09)	0.11(21.9)
50	-0.08	-0.12(-0.12)	0.04(701)
60	0.04	-0.09(-0.09)	0.13(252)
60	-0.0	-0.07(-0.07)	0.07(14.1)
60	-0.08	-0.08(-0.08)	0.0(731)
60	-0.05	-0.08(-0.08)	0.03(673)
70	-0.0	-0.1(-0.1)	0.1(197)
70	-0.03	-0.09(-0.09)	0.06(12.2)
70	-0.09	-0.09(-0.09)	0.0(666)
70	-0.06	-0.09(-0.09)	0.03(606)
80	0.01	-0.08(-0.08)	0.09(172)
80	-0.01	-0.07(-0.07)	0.06(11.5)
80	-0.08	-0.08(-0.08)	0.0(681)
80	-0.05	-0.08(-0.08)	0.03(613)
90	-0.02	-0.09(-0.09)	0.07(140)
90	-0.03	-0.07(-0.07)	0.04(7.91)
90	-0.09	-0.09(-0.09)	0.0(627)
90	-0.06	-0.09(-0.09)	0.03(559)
100	-0.07	-0.13(-0.13)	0.06(118)
100	-0.03	-0.08(-0.08)	0.06(11.0)
100	-0.13	-0.13(-0.13)	0.0(605)
100	-0.11	-0.13(-0.13)	0.03(533)
110	-0.1	-0.16(-0.16)	0.06(119)
110	-0.14	-0.14(-0.14)	0.0(655)
110	-0.09	-0.14(-0.14)	0.05(9.16)
110	-0.12	-0.15(-0.15)	0.03(570)
120	-0.03	-0.11(-0.11)	0.07(147)
120	-0.09	-0.1(-0.1)	0.0(845)
120	-0.03	-0.09(-0.09)	0.06(12.4)
120	-0.06	-0.1(-0.1)	0.04(728)
130	-0.12	-0.18(-0.18)	0.06(111)
130	-0.17	-0.17(-0.17)	0.0(662)
130	-0.08	-0.14(-0.14)	0.06(11.3)
130	-0.15	-0.18(-0.18)	0.03(564)
140	-0.07	-0.12(-0.12)	0.05(104)
140	-0.12	-0.13(-0.13)	0.0(662)
140	-0.06	-0.1(-0.1)	0.05(9.73)
140	-0.1	-0.13(-0.13)	0.03(558)
150	-0.03	-0.09(-0.09)	0.06(115)
150	-0.09	-0.09(-0.09)	0.0(696)
150	-0.03	-0.09(-0.09)	0.06(12.2)
150	-0.06	-0.09(-0.09)	0.03(581)
160	-0.05	-0.1(-0.1)	0.05(104)
160	-0.09	-0.1(-0.1)	0.0(668)
160	-0.04	-0.09(-0.09)	0.05(9.97)
160	-0.07	-0.1(-0.1)	0.03(554)
170	-0.14	-0.18(-0.18)	0.04(82.4)
170	-0.1	-0.14(-0.14)	0.04(7.68)
170	-0.17	-0.17(-0.17)	0.0(530)
170	-0.15	-0.18(-0.18)	0.02(436)
180	-0.08	-0.13(-0.13)	0.05(98.9)
180	-0.05	-0.09(-0.09)	0.05(9.26)
180	-0.12	-0.12(-0.12)	0.0(682)
180	-0.1	-0.13(-0.13)	0.03(555)
190	-0.1	-0.14(-0.14)	0.04(82.8)
190	-0.06	-0.1(-0.1)	0.05(9.08)
190	-0.13	-0.14(-0.14)	0.0(594)
190	-0.12	-0.14(-0.14)	0.02(480)
200	-0.13	-0.18(-0.18)	0.05(92.5)
200	-0.08	-0.13(-0.13)	0.06(11.4)
200	-0.16	-0.16(-0.16)	0.0(696)
200	-0.14	-0.17(-0.17)	0.03(558)
210	-0.17	-0.2(-0.2)	0.03(64.3)
210	-0.18	-0.18(-0.18)	0.0(481)
210	-0.14	-0.18(-0.18)	0.04(7.55)
210	-0.17	-0.19(-0.19)	0.02(384)
220	-0.16	-0.2(-0.2)	0.04(86.1)
220	-0.17	-0.17(-0.17)	0.0(659)
220	-0.14	-0.19(-0.19)	0.05(9.57)
220	-0.15	-0.18(-0.18)	0.03(524)
230	-0.09	-0.13(-0.13)	0.05(96.8)
230	-0.11	-0.12(-0.12)	0.0(759)
230	-0.07	-0.12(-0.12)	0.06(11.2)
230	-0.09	-0.12(-0.12)	0.03(600)
240	-0.16	-0.19(-0.19)	0.03(61.7)
240	-0.19	-0.19(-0.19)	0.0(514)
240	-0.1	-0.14(-0.14)	0.04(7.4)
240	-0.17	-0.19(-0.19)	0.02(404)
250	-0.14	-0.18(-0.18)	0.04(80.3)
250	-0.16	-0.17(-0.17)	0.0(664)
250	-0.1	-0.15(-0.15)	0.05(9.85)
250	-0.15	-0.17(-0.17)	0.03(520)
260	-0.12	-0.17(-0.17)	0.04(84.3)
260	-0.15	-0.15(-0.15)	0.0(707)
260	-0.09	-0.13(-0.13)	0.05(9.06)
260	-0.13	-0.16(-0.16)	0.03(552)
270	-0.18	-0.22(-0.22)	0.04(75.7)
270	-0.16	-0.2(-0.2)	0.04(8.78)
270	-0.19	-0.19(-0.19)	0.0(637)
270	-0.17	-0.2(-0.2)	0.02(496)
280	-0.12	-0.16(-0.16)	0.04(82.1)
280	-0.07	-0.12(-0.12)	0.05(9.87)
280	-0.15	-0.15(-0.15)	0.0(707)
280	-0.13	-0.16(-0.16)	0.03(548)
290	-0.14	-0.17(-0.17)	0.03(67.8)
290	-0.1	-0.13(-0.13)	0.04(7.47)
290	-0.16	-0.16(-0.16)	0.0(627)
290	-0.14	-0.17(-0.17)	0.02(481)
300	-0.16	-0.2(-0.2)	0.04(79.7)
300	-0.13	-0.17(-0.17)	0.04(8.65)
300	-0.17	-0.17(-0.17)	0.0(732)
300	-0.15	-0.18(-0.18)	0.03(562)
310	-0.17	-0.19(-0.19)	0.03(50.6)
310	-0.11	-0.14(-0.14)	0.03(5.38)
310	-0.18	-0.19(-0.19)	0.02(368)
310	-0.19	-0.19(-0.19)	0.0(482)
320	-0.19	-0.22(-0.22)	0.03(62.7)
320	-0.14	-0.17(-0.17)	0.03(6.66)
320	-0.18	-0.2(-0.2)	0.02(462)
320	-0.19	-0.2(-0.2)	0.0(606)
330	-0.15	-0.19(-0.19)	0.03(70.0)
330	-0.12	-0.16(-0.16)	0.04(7.24)
330	-0.15	-0.17(-0.17)	0.02(493)
330	-0.17	-0.17(-0.17)	0.0(642)
340	-0.16	-0.2(-0.2)	0.03(65.4)
340	-0.12	-0.15(-0.15)	0.04(7.03)
340	-0.16	-0.19(-0.19)	0.02(487)
340	-0.18	-0.18(-0.18)	0.0(640)
350	-0.17	-0.2(-0.2)	0.03(61.3)
350	-0.14	-0.17(-0.17)	0.03(6.67)
350	-0.17	-0.2(-0.2)	0.02(456)
350	-0.19	-0.19(-0.19)	0.0(599)
360	-0.2	-0.23(-0.23)	0.03(69.9)
360	-0.15	-0.19(-0.19)	0.04(7.21)
360	-0.19	-0.21(-0.21)	0.03(522)
360	-0.2	-0.21(-0.21)	0.0(686)
370	-0.18	-0.21(-0.21)	0.03(68.1)
370	-0.13	-0.16(-0.16)	0.04(7.24)
370	-0.16	-0.18(-0.18)	0.02(489)
370	-0.17	-0.17(-0.17)	0.0(639)
380	-0.23	-0.25(-0.25)	0.02(49.0)
380	-0.17	-0.2(-0.2)	0.03(5.25)
380	-0.23	-0.25(-0.25)	0.02(379)
380	-0.23	-0.24(-0.24)	0.0(500)
390	-0.2	-0.24(-0.24)	0.04(81.3)
390	-0.17	-0.21(-0.21)	0.04(8.74)
390	-0.18	-0.21(-0.21)	0.03(592)
390	-0.19	-0.2(-0.2)	0.0(775)
400	-0.09	-0.12(-0.12)	0.03(61.1)
400	-0.05	-0.09(-0.09)	0.03(6.5)
400	-0.1	-0.12(-0.12)	0.02(436)
400	-0.11	-0.11(-0.11)	0.0(570)
Trying to load config file configs/lr_rate.toml but it doesnt exist
{'toml': 'configs/lr_rate.toml', 'experiment': None, 'layer': 9, 'feature': 0, 'target': 0, 'seed': 6247423, 'grid': 1.0, 'lr': 0.03, 'network': 35, 'patch': 16, 'sign': 1, 'method': 'in_feat', 'dir': None, 'exp_no': '1642470756'}
Loaded pretrained weights.
#i	Loss	VTE	TV
0	0.34	-0.03(-0.03)	0.38(755)
Trying to load config file configs/lr_rate.toml but it doesnt exist
{'toml': 'configs/lr_rate.toml', 'experiment': None, 'layer': 9, 'feature': 0, 'target': 0, 'seed': 6247423, 'grid': 0.1, 'lr': 0.03, 'network': 35, 'patch': 16, 'sign': 1, 'method': 'in_feat', 'dir': None, 'exp_no': '1642470756'}
Loaded pretrained weights.
#i	Loss	VTE	TV
Trying to load config file configs/lr_rate.toml but it doesnt exist
{'toml': 'configs/lr_rate.toml', 'experiment': None, 'layer': 9, 'feature': 0, 'target': 0, 'seed': 6247423, 'grid': 0.01, 'lr': 0.03, 'network': 35, 'patch': 16, 'sign': 1, 'method': 'in_feat', 'dir': None, 'exp_no': '1642470756'}
Loaded pretrained weights.
#i	Loss	VTE	TV
Trying to load config file configs/lr_rate.toml but it doesnt exist
{'toml': 'configs/lr_rate.toml', 'experiment': None, 'layer': 9, 'feature': 0, 'target': 0, 'seed': 6247423, 'grid': 10.0, 'lr': 0.03, 'network': 35, 'patch': 16, 'sign': 1, 'method': 'in_feat', 'dir': None, 'exp_no': '1642470756'}
Loaded pretrained weights.
#i	Loss	VTE	TV
0	0.0	-0.03(-0.03)	0.04(755)
0	-0.03	-0.03(-0.03)	0.0(755)
0	3.74	-0.03(-0.03)	3.78(755)
10	0.11	-0.07(-0.07)	0.18(354)
10	-0.04	-0.07(-0.07)	0.03(570)
10	-0.07	-0.07(-0.07)	0.0(596)
10	0.72	-0.06(-0.06)	0.78(156)
20	0.07	-0.07(-0.07)	0.14(289)
20	-0.02	-0.06(-0.06)	0.04(789)
20	-0.06	-0.06(-0.06)	0.0(857)
20	0.18	-0.06(-0.06)	0.23(46.9)
30	-0.02	-0.1(-0.1)	0.08(169)
30	-0.06	-0.09(-0.09)	0.03(618)
30	-0.09	-0.09(-0.09)	0.0(697)
30	0.07	-0.09(-0.09)	0.15(30.9)
40	-0.03	-0.11(-0.11)	0.08(164)
40	-0.06	-0.09(-0.09)	0.03(636)
40	-0.09	-0.09(-0.09)	0.0(741)
40	0.1	-0.09(-0.09)	0.18(36.8)
50	-0.06	-0.14(-0.14)	0.07(149)
50	-0.1	-0.13(-0.13)	0.03(590)
50	-0.12	-0.12(-0.12)	0.0(714)
50	0.07	-0.11(-0.11)	0.17(34.7)
60	-0.01	-0.09(-0.09)	0.08(151)
60	-0.05	-0.08(-0.08)	0.03(555)
60	-0.08	-0.08(-0.08)	0.0(689)
60	0.03	-0.08(-0.08)	0.12(23.2)
70	-0.03	-0.1(-0.1)	0.07(132)
70	-0.06	-0.09(-0.09)	0.02(490)
70	-0.09	-0.09(-0.09)	0.0(623)
70	0.05	-0.09(-0.09)	0.14(27.2)
80	-0.01	-0.08(-0.08)	0.07(133)
80	-0.06	-0.08(-0.08)	0.02(484)
80	-0.08	-0.08(-0.08)	0.0(633)
80	0.06	-0.06(-0.06)	0.12(24.5)
90	-0.03	-0.09(-0.09)	0.06(117)
90	-0.07	-0.09(-0.09)	0.02(436)
90	-0.09	-0.09(-0.09)	0.0(580)
90	0.01	-0.08(-0.08)	0.08(16.9)
100	-0.07	-0.12(-0.12)	0.06(114)
100	-0.12	-0.14(-0.14)	0.02(407)
100	-0.13	-0.13(-0.13)	0.0(557)
100	0.09	-0.09(-0.09)	0.17(34.4)
110	-0.08	-0.15(-0.15)	0.08(154)
110	-0.12	-0.14(-0.14)	0.02(432)
110	-0.13	-0.14(-0.14)	0.0(603)
110	-0.04	-0.14(-0.14)	0.1(19.5)
120	-0.02	-0.11(-0.11)	0.09(172)
120	-0.07	-0.09(-0.09)	0.03(547)
120	-0.09	-0.09(-0.09)	0.0(774)
120	0.04	-0.09(-0.09)	0.13(26.2)
130	-0.11	-0.18(-0.18)	0.07(142)
130	-0.15	-0.17(-0.17)	0.02(420)
130	-0.17	-0.17(-0.17)	0.0(604)
130	-0.0	-0.14(-0.14)	0.14(28.2)
140	-0.06	-0.13(-0.13)	0.06(127)
140	-0.11	-0.13(-0.13)	0.02(411)
140	-0.13	-0.13(-0.13)	0.0(601)
140	-0.01	-0.1(-0.1)	0.09(18.8)
150	-0.02	-0.1(-0.1)	0.08(163)
150	-0.07	-0.09(-0.09)	0.02(429)
150	-0.09	-0.09(-0.09)	0.0(630)
150	0.12	-0.08(-0.08)	0.21(41.9)
160	-0.03	-0.1(-0.1)	0.07(132)
160	-0.07	-0.09(-0.09)	0.02(404)
160	-0.09	-0.09(-0.09)	0.0(602)
160	0.05	-0.09(-0.09)	0.14(27.8)
170	-0.13	-0.18(-0.18)	0.05(103)
170	-0.16	-0.18(-0.18)	0.02(316)
170	-0.03	-0.14(-0.14)	0.11(21.2)
170	-0.17	-0.17(-0.17)	0.0(476)
180	-0.06	-0.13(-0.13)	0.07(131)
180	-0.1	-0.12(-0.12)	0.02(400)
180	-0.01	-0.1(-0.1)	0.09(18.6)
180	-0.12	-0.12(-0.12)	0.0(610)
190	-0.08	-0.14(-0.14)	0.06(114)
190	-0.13	-0.14(-0.14)	0.02(345)
190	-0.03	-0.11(-0.11)	0.09(17.8)
190	-0.14	-0.14(-0.14)	0.0(530)
200	-0.12	-0.18(-0.18)	0.06(124)
200	-0.15	-0.17(-0.17)	0.02(397)
200	0.02	-0.14(-0.14)	0.17(33.4)
200	-0.16	-0.16(-0.16)	0.0(619)
210	-0.17	-0.21(-0.21)	0.04(86.0)
210	-0.17	-0.19(-0.19)	0.01(272)
210	-0.18	-0.19(-0.19)	0.0(426)
210	-0.1	-0.18(-0.18)	0.08(16.1)
220	-0.15	-0.2(-0.2)	0.06(116)
220	-0.16	-0.17(-0.17)	0.02(366)
220	-0.17	-0.17(-0.17)	0.0(580)
220	-0.11	-0.19(-0.19)	0.08(15.4)
230	-0.07	-0.13(-0.13)	0.07(136)
230	-0.1	-0.12(-0.12)	0.02(415)
230	-0.11	-0.11(-0.11)	0.0(664)
230	0.0	-0.12(-0.12)	0.12(24.3)
240	-0.16	-0.2(-0.2)	0.04(85.1)
240	-0.18	-0.19(-0.19)	0.01(275)
240	-0.19	-0.19(-0.19)	0.0(448)
240	-0.07	-0.15(-0.15)	0.08(17.0)
250	-0.13	-0.18(-0.18)	0.05(105)
250	-0.16	-0.18(-0.18)	0.02(351)
250	-0.17	-0.17(-0.17)	0.0(576)
250	-0.06	-0.15(-0.15)	0.09(18.3)
260	-0.12	-0.18(-0.18)	0.05(108)
260	-0.14	-0.16(-0.16)	0.02(369)
260	-0.15	-0.16(-0.16)	0.0(611)
260	-0.07	-0.14(-0.14)	0.08(15.7)
270	-0.19	-0.24(-0.24)	0.05(96.1)
270	-0.19	-0.2(-0.2)	0.02(329)
270	-0.19	-0.2(-0.2)	0.0(549)
270	-0.14	-0.21(-0.21)	0.07(14.0)
280	-0.11	-0.16(-0.16)	0.05(106)
280	-0.14	-0.15(-0.15)	0.02(358)
280	-0.15	-0.15(-0.15)	0.0(607)
280	-0.05	-0.13(-0.13)	0.08(15.8)
290	-0.14	-0.18(-0.18)	0.04(85.5)
290	-0.15	-0.17(-0.17)	0.02(311)
290	-0.16	-0.16(-0.16)	0.0(536)
290	-0.09	-0.15(-0.15)	0.05(10.7)
300	-0.15	-0.2(-0.2)	0.05(98.2)
300	-0.17	-0.18(-0.18)	0.02(360)
300	-0.17	-0.18(-0.18)	0.0(624)
300	-0.12	-0.18(-0.18)	0.06(12.2)
310	-0.18	-0.21(-0.21)	0.03(60.9)
310	-0.18	-0.2(-0.2)	0.01(233)
310	-0.19	-0.2(-0.2)	0.0(409)
310	-0.12	-0.16(-0.16)	0.04(7.51)
320	-0.18	-0.22(-0.22)	0.04(75.5)
320	-0.19	-0.2(-0.2)	0.01(292)
320	-0.2	-0.2(-0.2)	0.0(514)
320	-0.13	-0.18(-0.18)	0.05(10.1)
330	-0.16	-0.2(-0.2)	0.04(82.6)
330	-0.16	-0.18(-0.18)	0.02(310)
330	-0.17	-0.17(-0.17)	0.0(544)
330	-0.11	-0.16(-0.16)	0.05(10.6)
340	-0.17	-0.21(-0.21)	0.04(77.4)
340	-0.18	-0.19(-0.19)	0.02(304)
340	-0.18	-0.18(-0.18)	0.0(541)
340	-0.12	-0.17(-0.17)	0.05(9.74)
350	-0.18	-0.22(-0.22)	0.04(72.0)
350	-0.19	-0.2(-0.2)	0.01(283)
350	-0.2	-0.2(-0.2)	0.0(506)
350	-0.14	-0.18(-0.18)	0.05(9.03)
360	-0.2	-0.24(-0.24)	0.04(81.4)
360	-0.2	-0.22(-0.22)	0.02(324)
360	-0.21	-0.21(-0.21)	0.0(579)
360	-0.15	-0.2(-0.2)	0.05(9.81)
370	-0.18	-0.22(-0.22)	0.04(78.2)
370	-0.17	-0.19(-0.19)	0.02(303)
370	-0.17	-0.18(-0.18)	0.0(538)
370	-0.14	-0.18(-0.18)	0.05(9.41)
380	-0.25	-0.27(-0.27)	0.03(56.8)
380	-0.24	-0.26(-0.26)	0.01(234)
380	-0.25	-0.25(-0.25)	0.0(421)
380	-0.17	-0.21(-0.21)	0.03(6.8)
390	-0.21	-0.26(-0.26)	0.05(93.2)
390	-0.2	-0.22(-0.22)	0.02(366)
390	-0.21	-0.21(-0.21)	0.0(653)
390	-0.17	-0.22(-0.22)	0.06(11.2)
400	-0.09	-0.12(-0.12)	0.03(69.9)
400	-0.1	-0.12(-0.12)	0.01(270)
400	-0.11	-0.11(-0.11)	0.0(480)
400	-0.05	-0.09(-0.09)	0.04(8.36)
Trying to load config file configs/lr_rate.toml but it doesnt exist
{'toml': 'configs/lr_rate.toml', 'experiment': None, 'layer': 9, 'feature': 0, 'target': 0, 'seed': 6247423, 'grid': 10.0, 'lr': 0.1, 'network': 35, 'patch': 16, 'sign': 1, 'method': 'in_feat', 'dir': None, 'exp_no': '1642470757'}
Loaded pretrained weights.
#i	Loss	VTE	TV
0	3.74	-0.03(-0.03)	3.78(755)
Trying to load config file configs/lr_rate.toml but it doesnt exist
{'toml': 'configs/lr_rate.toml', 'experiment': None, 'layer': 9, 'feature': 0, 'target': 0, 'seed': 6247423, 'grid': 1.0, 'lr': 0.1, 'network': 35, 'patch': 16, 'sign': 1, 'method': 'in_feat', 'dir': None, 'exp_no': '1642470757'}
Loaded pretrained weights.
#i	Loss	VTE	TV
0	0.34	-0.03(-0.03)	0.38(755)
Trying to load config file configs/lr_rate.toml but it doesnt exist
{'toml': 'configs/lr_rate.toml', 'experiment': None, 'layer': 9, 'feature': 0, 'target': 0, 'seed': 6247423, 'grid': 0.01, 'lr': 0.1, 'network': 35, 'patch': 16, 'sign': 1, 'method': 'in_feat', 'dir': None, 'exp_no': '1642470758'}
Loaded pretrained weights.
#i	Loss	VTE	TV
Trying to load config file configs/lr_rate.toml but it doesnt exist
{'toml': 'configs/lr_rate.toml', 'experiment': None, 'layer': 9, 'feature': 0, 'target': 0, 'seed': 6247423, 'grid': 0.1, 'lr': 0.1, 'network': 35, 'patch': 16, 'sign': 1, 'method': 'in_feat', 'dir': None, 'exp_no': '1642470757'}
Loaded pretrained weights.
#i	Loss	VTE	TV
0	-0.03	-0.03(-0.03)	0.0(755)
0	0.0	-0.03(-0.03)	0.04(755)
10	0.36	-0.06(-0.06)	0.42(83.9)
10	0.05	-0.07(-0.07)	0.11(225)
10	-0.06	-0.06(-0.06)	0.0(586)
10	-0.04	-0.07(-0.07)	0.03(527)
20	0.43	-0.05(-0.05)	0.48(96.1)
20	0.13	-0.04(-0.04)	0.17(332)
20	-0.04	-0.04(-0.04)	0.0(830)
20	-0.01	-0.04(-0.04)	0.04(713)
30	0.31	-0.08(-0.08)	0.39(77.2)
30	0.08	-0.07(-0.07)	0.15(306)
30	-0.06	-0.06(-0.06)	0.0(672)
30	-0.03	-0.06(-0.06)	0.03(562)
40	0.48	-0.07(-0.07)	0.55(109)
40	0.06	-0.08(-0.08)	0.13(267)
40	-0.06	-0.06(-0.06)	0.0(723)
40	-0.03	-0.06(-0.06)	0.03(603)
50	0.31	-0.11(-0.11)	0.42(83.1)
50	0.03	-0.1(-0.1)	0.13(259)
50	-0.08	-0.09(-0.09)	0.0(697)
50	-0.06	-0.09(-0.09)	0.03(568)
60	0.25	-0.07(-0.07)	0.32(63.0)
60	0.06	-0.06(-0.06)	0.12(244)
60	-0.05	-0.06(-0.06)	0.0(681)
60	-0.03	-0.05(-0.05)	0.03(567)
70	0.29	-0.08(-0.08)	0.37(73.6)
70	0.03	-0.08(-0.08)	0.11(226)
70	-0.06	-0.06(-0.06)	0.0(620)
70	-0.03	-0.05(-0.05)	0.03(528)
80	0.38	-0.06(-0.06)	0.44(88.1)
80	0.07	-0.06(-0.06)	0.13(267)
80	-0.05	-0.06(-0.06)	0.0(636)
80	-0.02	-0.05(-0.05)	0.03(540)
90	0.22	-0.07(-0.07)	0.3(59.1)
90	-0.07	-0.07(-0.07)	0.0(589)
90	0.04	-0.08(-0.08)	0.12(234)
90	-0.05	-0.07(-0.07)	0.03(501)
100	0.33	-0.09(-0.09)	0.42(84.3)
100	-0.09	-0.09(-0.09)	0.0(566)
100	0.01	-0.1(-0.1)	0.11(219)
100	-0.07	-0.09(-0.09)	0.02(474)
110	0.13	-0.14(-0.14)	0.27(54.2)
110	-0.09	-0.1(-0.1)	0.0(621)
110	0.03	-0.12(-0.12)	0.15(291)
110	-0.07	-0.1(-0.1)	0.03(534)
120	0.3	-0.1(-0.1)	0.4(80.5)
120	-0.04	-0.05(-0.05)	0.0(798)
120	0.1	-0.08(-0.08)	0.17(344)
120	-0.01	-0.05(-0.05)	0.03(683)
130	0.21	-0.17(-0.17)	0.38(75.1)
130	-0.11	-0.12(-0.12)	0.0(628)
130	-0.0	-0.14(-0.14)	0.13(267)
130	-0.09	-0.11(-0.11)	0.03(543)
140	0.17	-0.11(-0.11)	0.28(56.7)
140	-0.1	-0.1(-0.1)	0.0(629)
140	0.05	-0.1(-0.1)	0.14(286)
140	-0.07	-0.1(-0.1)	0.03(539)
150	0.49	-0.09(-0.09)	0.58(115)
150	-0.07	-0.07(-0.07)	0.0(667)
150	0.06	-0.08(-0.08)	0.14(281)
150	-0.04	-0.07(-0.07)	0.03(575)
160	0.26	-0.08(-0.08)	0.35(69.0)
160	-0.06	-0.07(-0.07)	0.0(639)
160	0.06	-0.07(-0.07)	0.13(255)
160	-0.04	-0.07(-0.07)	0.03(543)
170	0.15	-0.15(-0.15)	0.3(59.8)
170	-0.14	-0.14(-0.14)	0.0(504)
170	-0.08	-0.16(-0.16)	0.08(161)
170	-0.13	-0.15(-0.15)	0.02(420)
180	0.24	-0.1(-0.1)	0.35(69.3)
180	-0.09	-0.09(-0.09)	0.0(645)
180	0.0	-0.11(-0.11)	0.11(218)
180	-0.06	-0.09(-0.09)	0.03(539)
190	0.12	-0.12(-0.12)	0.24(48.3)
190	-0.12	-0.12(-0.12)	0.0(565)
190	-0.01	-0.12(-0.12)	0.11(220)
190	-0.11	-0.13(-0.13)	0.02(458)
200	1.09	-0.1(-0.1)	1.19(237)
200	-0.12	-0.12(-0.12)	0.0(658)
200	-0.03	-0.14(-0.14)	0.12(230)
200	-0.1	-0.13(-0.13)	0.03(526)
210	0.27	-0.16(-0.16)	0.43(87.0)
210	-0.16	-0.16(-0.16)	0.0(447)
210	-0.11	-0.19(-0.19)	0.08(155)
210	-0.13	-0.15(-0.15)	0.02(366)
220	0.14	-0.16(-0.16)	0.29(58.9)
220	-0.13	-0.13(-0.13)	0.0(604)
220	-0.05	-0.16(-0.16)	0.11(218)
220	-0.1	-0.13(-0.13)	0.02(491)
230	0.26	-0.11(-0.11)	0.37(73.9)
230	-0.07	-0.08(-0.08)	0.0(689)
230	0.01	-0.11(-0.11)	0.11(227)
230	-0.05	-0.08(-0.08)	0.03(559)
240	0.11	-0.15(-0.15)	0.26(52.7)
240	-0.16	-0.17(-0.17)	0.0(461)
240	-0.11	-0.18(-0.18)	0.07(146)
240	-0.14	-0.16(-0.16)	0.02(372)
250	0.15	-0.15(-0.15)	0.3(59.6)
250	-0.16	-0.16(-0.16)	0.0(587)
250	-0.06	-0.15(-0.15)	0.09(185)
250	-0.13	-0.15(-0.15)	0.02(469)
260	0.12	-0.14(-0.14)	0.26(51.8)
260	-0.13	-0.13(-0.13)	0.0(620)
260	-0.06	-0.15(-0.15)	0.09(184)
260	-0.11	-0.13(-0.13)	0.02(489)
270	-0.02	-0.22(-0.22)	0.2(39.1)
270	-0.17	-0.17(-0.17)	0.0(550)
270	-0.13	-0.21(-0.21)	0.08(156)
270	-0.16	-0.18(-0.18)	0.02(428)
280	0.09	-0.14(-0.14)	0.23(45.6)
280	-0.12	-0.13(-0.13)	0.0(602)
280	-0.05	-0.14(-0.14)	0.09(173)
280	-0.11	-0.13(-0.13)	0.02(460)
290	-0.03	-0.16(-0.16)	0.13(25.6)
290	-0.14	-0.15(-0.15)	0.0(527)
290	-0.1	-0.17(-0.17)	0.07(139)
290	-0.13	-0.15(-0.15)	0.02(394)
300	-0.04	-0.17(-0.17)	0.14(27.5)
300	-0.15	-0.15(-0.15)	0.0(609)
300	-0.12	-0.19(-0.19)	0.07(143)
300	-0.14	-0.16(-0.16)	0.02(449)
310	-0.07	-0.17(-0.17)	0.1(20.2)
310	-0.18	-0.18(-0.18)	0.0(396)
310	-0.16	-0.2(-0.2)	0.04(88.7)
310	-0.17	-0.19(-0.19)	0.01(287)
320	-0.07	-0.2(-0.2)	0.12(24.8)
320	-0.18	-0.18(-0.18)	0.0(493)
320	-0.16	-0.21(-0.21)	0.05(108)
320	-0.17	-0.19(-0.19)	0.02(353)
330	-0.06	-0.17(-0.17)	0.12(23.6)
330	-0.15	-0.16(-0.16)	0.0(517)
330	-0.12	-0.18(-0.18)	0.06(112)
330	-0.14	-0.16(-0.16)	0.02(368)
340	-0.08	-0.19(-0.19)	0.11(21.4)
340	-0.17	-0.17(-0.17)	0.0(513)
340	-0.16	-0.21(-0.21)	0.05(106)
340	-0.17	-0.18(-0.18)	0.02(359)
350	-0.1	-0.2(-0.2)	0.1(19.7)
350	-0.19	-0.19(-0.19)	0.0(477)
350	-0.17	-0.21(-0.21)	0.05(95.0)
350	-0.18	-0.2(-0.2)	0.02(332)
360	-0.12	-0.23(-0.23)	0.11(21.3)
360	-0.2	-0.2(-0.2)	0.0(545)
360	-0.18	-0.23(-0.23)	0.05(107)
360	-0.2	-0.21(-0.21)	0.02(378)
370	-0.1	-0.19(-0.19)	0.1(19.5)
370	-0.17	-0.17(-0.17)	0.0(505)
370	-0.16	-0.21(-0.21)	0.05(100)
370	-0.16	-0.18(-0.18)	0.02(350)
380	-0.16	-0.23(-0.23)	0.07(13.7)
380	-0.23	-0.23(-0.23)	0.0(396)
380	-0.24	-0.27(-0.27)	0.04(73.2)
380	-0.23	-0.25(-0.25)	0.01(271)
390	-0.14	-0.25(-0.25)	0.11(22.5)
390	-0.2	-0.2(-0.2)	0.0(611)
390	-0.19	-0.25(-0.25)	0.06(119)
390	-0.19	-0.21(-0.21)	0.02(422)
400	-0.01	-0.1(-0.1)	0.08(16.9)
400	-0.1	-0.11(-0.11)	0.0(449)
400	-0.07	-0.12(-0.12)	0.04(88.7)
400	-0.1	-0.11(-0.11)	0.02(311)
Trying to load config file configs/lr_rate.toml but it doesnt exist
{'toml': 'configs/lr_rate.toml', 'experiment': None, 'layer': 9, 'feature': 0, 'target': 0, 'seed': 6247423, 'grid': 10.0, 'lr': 0.3, 'network': 35, 'patch': 16, 'sign': 1, 'method': 'in_feat', 'dir': None, 'exp_no': '1642470759'}
Loaded pretrained weights.
#i	Loss	VTE	TV
0	3.74	-0.03(-0.03)	3.78(755)
Trying to load config file configs/lr_rate.toml but it doesnt exist
{'toml': 'configs/lr_rate.toml', 'experiment': None, 'layer': 9, 'feature': 0, 'target': 0, 'seed': 6247423, 'grid': 0.01, 'lr': 0.3, 'network': 35, 'patch': 16, 'sign': 1, 'method': 'in_feat', 'dir': None, 'exp_no': '1642470759'}
Loaded pretrained weights.
#i	Loss	VTE	TV
Trying to load config file configs/lr_rate.toml but it doesnt exist
{'toml': 'configs/lr_rate.toml', 'experiment': None, 'layer': 9, 'feature': 0, 'target': 0, 'seed': 6247423, 'grid': 1.0, 'lr': 0.3, 'network': 35, 'patch': 16, 'sign': 1, 'method': 'in_feat', 'dir': None, 'exp_no': '1642470759'}
Loaded pretrained weights.
#i	Loss	VTE	TV
Trying to load config file configs/lr_rate.toml but it doesnt exist
{'toml': 'configs/lr_rate.toml', 'experiment': None, 'layer': 9, 'feature': 0, 'target': 0, 'seed': 6247423, 'grid': 0.1, 'lr': 0.3, 'network': 35, 'patch': 16, 'sign': 1, 'method': 'in_feat', 'dir': None, 'exp_no': '1642470759'}
Loaded pretrained weights.
#i	Loss	VTE	TV
0	-0.03	-0.03(-0.03)	0.0(755)
0	0.34	-0.03(-0.03)	0.38(755)
0	0.0	-0.03(-0.03)	0.04(755)
10	0.78	-0.05(-0.05)	0.84(167)
10	-0.03	-0.03(-0.03)	0.0(564)
10	0.11	-0.04(-0.04)	0.15(297)
10	-0.01	-0.03(-0.03)	0.02(495)
20	1.05	-0.03(-0.03)	1.09(218)
20	-0.01	-0.02(-0.02)	0.0(832)
20	0.17	-0.02(-0.02)	0.19(377)
20	0.02	-0.02(-0.02)	0.04(715)
30	0.97	-0.07(-0.07)	1.04(208)
30	-0.02	-0.02(-0.02)	0.0(730)
30	0.15	-0.04(-0.04)	0.19(373)
30	0.01	-0.02(-0.02)	0.03(674)
40	1.31	-0.06(-0.06)	1.38(275)
40	-0.03	-0.04(-0.04)	0.0(777)
40	0.14	-0.05(-0.05)	0.18(366)
40	0.0	-0.03(-0.03)	0.04(720)
50	0.87	-0.1(-0.1)	0.97(194)
50	-0.04	-0.04(-0.04)	0.0(746)
50	0.09	-0.06(-0.06)	0.16(315)
50	-0.01	-0.04(-0.04)	0.03(672)
60	0.77	-0.06(-0.06)	0.82(165)
60	-0.02	-0.02(-0.02)	0.0(759)
60	0.15	-0.04(-0.04)	0.18(368)
60	0.02	-0.01(-0.01)	0.03(685)
70	0.82	-0.06(-0.06)	0.88(177)
70	-0.02	-0.02(-0.02)	0.0(694)
70	0.13	-0.04(-0.04)	0.17(338)
70	0.01	-0.02(-0.02)	0.03(634)
80	0.71	-0.05(-0.05)	0.76(153)
80	-0.03	-0.04(-0.04)	0.0(706)
80	0.15	-0.04(-0.04)	0.19(379)
80	-0.0	-0.04(-0.04)	0.03(646)
90	0.83	-0.06(-0.06)	0.89(178)
90	-0.05	-0.05(-0.05)	0.0(662)
90	0.13	-0.05(-0.05)	0.18(363)
90	-0.02	-0.05(-0.05)	0.03(602)
100	0.67	-0.08(-0.08)	0.75(151)
100	-0.04	-0.05(-0.05)	0.0(620)
100	0.08	-0.06(-0.06)	0.14(288)
100	-0.01	-0.04(-0.04)	0.03(558)
110	0.71	-0.11(-0.11)	0.82(164)
110	-0.05	-0.05(-0.05)	0.0(710)
110	0.15	-0.09(-0.09)	0.24(477)
110	-0.02	-0.05(-0.05)	0.03(678)
120	0.95	-0.09(-0.09)	1.04(207)
120	-0.01	-0.01(-0.01)	0.0(897)
120	0.24	-0.03(-0.03)	0.26(525)
120	0.03	-0.01(-0.01)	0.04(817)
130	0.59	-0.14(-0.14)	0.72(144)
130	-0.05	-0.06(-0.06)	0.0(707)
130	0.1	-0.07(-0.07)	0.17(340)
130	-0.02	-0.05(-0.05)	0.03(656)
140	0.81	-0.1(-0.1)	0.9(181)
140	-0.06	-0.07(-0.07)	0.0(705)
140	0.09	-0.09(-0.09)	0.18(353)
140	-0.03	-0.07(-0.07)	0.03(645)
150	0.8	-0.07(-0.07)	0.87(173)
150	-0.04	-0.05(-0.05)	0.0(744)
150	0.17	-0.06(-0.06)	0.23(457)
150	-0.02	-0.05(-0.05)	0.03(688)
160	0.72	-0.08(-0.08)	0.79(158)
160	-0.04	-0.05(-0.05)	0.0(728)
160	0.14	-0.05(-0.05)	0.19(384)
160	-0.01	-0.05(-0.05)	0.03(660)
170	0.54	-0.13(-0.13)	0.67(134)
170	-0.09	-0.1(-0.1)	0.0(566)
170	0.02	-0.11(-0.11)	0.13(258)
170	-0.06	-0.09(-0.09)	0.02(499)
180	0.58	-0.1(-0.1)	0.68(137)
180	-0.04	-0.04(-0.04)	0.0(732)
180	0.12	-0.07(-0.07)	0.19(388)
180	-0.01	-0.04(-0.04)	0.03(662)
190	0.55	-0.1(-0.1)	0.66(131)
190	-0.11	-0.11(-0.11)	0.0(630)
190	0.1	-0.09(-0.09)	0.19(378)
190	-0.08	-0.11(-0.11)	0.03(572)
200	0.52	-0.14(-0.14)	0.66(132)
200	-0.08	-0.09(-0.09)	0.0(736)
200	0.11	-0.1(-0.1)	0.21(424)
200	-0.05	-0.08(-0.08)	0.03(666)
210	0.22	-0.17(-0.17)	0.39(77.1)
210	-0.11	-0.11(-0.11)	0.0(511)
210	-0.01	-0.14(-0.14)	0.13(266)
210	-0.09	-0.11(-0.11)	0.02(453)
220	0.4	-0.13(-0.13)	0.54(108)
220	-0.07	-0.08(-0.08)	0.0(704)
220	0.09	-0.1(-0.1)	0.19(377)
220	-0.04	-0.07(-0.07)	0.03(632)
230	0.63	-0.09(-0.09)	0.72(144)
230	-0.03	-0.04(-0.04)	0.0(801)
230	0.14	-0.05(-0.05)	0.19(379)
230	-0.0	-0.04(-0.04)	0.04(712)
240	0.41	-0.14(-0.14)	0.56(111)
240	-0.12	-0.13(-0.13)	0.0(540)
240	-0.02	-0.15(-0.15)	0.13(258)
240	-0.11	-0.13(-0.13)	0.02(477)
250	0.36	-0.13(-0.13)	0.49(98.6)
250	-0.11	-0.11(-0.11)	0.0(679)
250	0.04	-0.12(-0.12)	0.15(308)
250	-0.08	-0.11(-0.11)	0.03(590)
260	0.53	-0.12(-0.12)	0.65(131)
260	-0.08	-0.08(-0.08)	0.0(726)
260	-0.05	-0.08(-0.08)	0.03(644)
260	0.05	-0.11(-0.11)	0.16(322)
270	0.2	-0.2(-0.2)	0.4(80.0)
270	-0.12	-0.12(-0.12)	0.0(643)
270	-0.09	-0.12(-0.12)	0.03(565)
270	-0.04	-0.18(-0.18)	0.14(279)
280	0.46	-0.11(-0.11)	0.58(115)
280	-0.08	-0.08(-0.08)	0.0(708)
280	-0.06	-0.09(-0.09)	0.03(610)
280	0.07	-0.1(-0.1)	0.17(333)
290	0.11	-0.14(-0.14)	0.25(49.8)
290	-0.12	-0.13(-0.13)	0.0(619)
290	-0.1	-0.12(-0.12)	0.03(523)
290	-0.03	-0.15(-0.15)	0.12(248)
300	-0.1	-0.1(-0.1)	0.0(709)
300	0.06	-0.16(-0.16)	0.22(44.6)
300	-0.08	-0.11(-0.11)	0.03(586)
300	-0.03	-0.15(-0.15)	0.12(236)
310	-0.16	-0.16(-0.16)	0.0(456)
310	0.04	-0.17(-0.17)	0.21(41.4)
310	-0.14	-0.16(-0.16)	0.02(370)
310	-0.12	-0.19(-0.19)	0.07(144)
320	-0.16	-0.16(-0.16)	0.0(563)
320	0.1	-0.19(-0.19)	0.29(57.5)
320	-0.14	-0.16(-0.16)	0.02(449)
320	-0.12	-0.2(-0.2)	0.08(164)
330	-0.13	-0.13(-0.13)	0.0(583)
330	0.05	-0.15(-0.15)	0.2(40.1)
330	-0.11	-0.13(-0.13)	0.02(460)
330	-0.07	-0.16(-0.16)	0.08(165)
340	-0.15	-0.15(-0.15)	0.0(574)
340	0.01	-0.18(-0.18)	0.19(37.6)
340	-0.13	-0.16(-0.16)	0.02(445)
340	-0.11	-0.19(-0.19)	0.08(164)
350	-0.16	-0.17(-0.17)	0.0(529)
350	-0.05	-0.19(-0.19)	0.14(27.5)
350	-0.16	-0.18(-0.18)	0.02(404)
350	-0.14	-0.21(-0.21)	0.07(138)
360	-0.18	-0.18(-0.18)	0.0(597)
360	-0.01	-0.21(-0.21)	0.2(40.9)
360	-0.16	-0.18(-0.18)	0.02(451)
360	-0.15	-0.22(-0.22)	0.07(144)
370	-0.15	-0.15(-0.15)	0.0(550)
370	-0.04	-0.19(-0.19)	0.15(29.3)
370	-0.14	-0.16(-0.16)	0.02(411)
370	-0.14	-0.2(-0.2)	0.06(125)
380	-0.22	-0.22(-0.22)	0.0(430)
380	-0.13	-0.23(-0.23)	0.1(19.5)
380	-0.2	-0.22(-0.22)	0.02(319)
380	-0.22	-0.27(-0.27)	0.05(92.6)
390	-0.17	-0.18(-0.18)	0.0(663)
390	-0.08	-0.23(-0.23)	0.16(31.3)
390	-0.16	-0.19(-0.19)	0.02(491)
390	-0.17	-0.24(-0.24)	0.07(144)
400	-0.1	-0.1(-0.1)	0.0(486)
400	0.01	-0.11(-0.11)	0.12(23.2)
400	-0.09	-0.1(-0.1)	0.02(361)
400	-0.07	-0.13(-0.13)	0.05(107)
Trying to load config file configs/lr_rate.toml but it doesnt exist
{'toml': 'configs/lr_rate.toml', 'experiment': None, 'layer': 9, 'feature': 0, 'target': 0, 'seed': 6247423, 'grid': 1.0, 'lr': 1.0, 'network': 35, 'patch': 16, 'sign': 1, 'method': 'in_feat', 'dir': None, 'exp_no': '1642470761'}
Loaded pretrained weights.
#i	Loss	VTE	TV
0	0.34	-0.03(-0.03)	0.38(755)
Trying to load config file configs/lr_rate.toml but it doesnt exist
{'toml': 'configs/lr_rate.toml', 'experiment': None, 'layer': 9, 'feature': 0, 'target': 0, 'seed': 6247423, 'grid': 0.1, 'lr': 1.0, 'network': 35, 'patch': 16, 'sign': 1, 'method': 'in_feat', 'dir': None, 'exp_no': '1642470762'}
Loaded pretrained weights.
#i	Loss	VTE	TV
0	0.0	-0.03(-0.03)	0.04(755)
Trying to load config file configs/lr_rate.toml but it doesnt exist
{'toml': 'configs/lr_rate.toml', 'experiment': None, 'layer': 9, 'feature': 0, 'target': 0, 'seed': 6247423, 'grid': 10.0, 'lr': 1.0, 'network': 35, 'patch': 16, 'sign': 1, 'method': 'in_feat', 'dir': None, 'exp_no': '1642470761'}
Loaded pretrained weights.
#i	Loss	VTE	TV
Trying to load config file configs/lr_rate.toml but it doesnt exist
{'toml': 'configs/lr_rate.toml', 'experiment': None, 'layer': 9, 'feature': 0, 'target': 0, 'seed': 6247423, 'grid': 0.01, 'lr': 1.0, 'network': 35, 'patch': 16, 'sign': 1, 'method': 'in_feat', 'dir': None, 'exp_no': '1642470760'}
Loaded pretrained weights.
#i	Loss	VTE	TV
0	3.74	-0.03(-0.03)	3.78(755)
0	-0.03	-0.03(-0.03)	0.0(755)
10	0.2	-0.02(-0.02)	0.23(455)
10	0.02	-0.01(-0.01)	0.03(596)
10	-0.01	-0.01(-0.01)	0.0(636)
10	2.5	-0.03(-0.03)	2.53(506)
20	0.32	-0.01(-0.01)	0.33(653)
20	0.04	-0.0(-0.0)	0.04(839)
20	0.01	0.0(0.0)	0.0(903)
20	2.71	-0.01(-0.01)	2.73(546)
30	0.26	-0.03(-0.03)	0.28(567)
30	0.03	-0.01(-0.01)	0.04(797)
30	-0.01	-0.01(-0.01)	0.0(856)
30	3.28	-0.05(-0.05)	3.33(667)
40	0.32	-0.02(-0.02)	0.34(676)
40	0.03	-0.02(-0.02)	0.04(853)
40	-0.01	-0.02(-0.02)	0.0(891)
40	4.03	-0.04(-0.04)	4.07(814)
50	0.26	-0.04(-0.04)	0.3(607)
50	0.0	-0.04(-0.04)	0.04(789)
50	-0.03	-0.03(-0.03)	0.0(848)
50	2.51	-0.07(-0.07)	2.59(517)
60	0.32	0.0(0.0)	0.32(641)
60	0.04	-0.0(-0.0)	0.04(818)
60	0.0	-0.0(-0.0)	0.0(878)
60	2.65	-0.04(-0.04)	2.69(538)
70	0.27	-0.02(-0.02)	0.29(578)
70	0.02	-0.01(-0.01)	0.04(729)
70	2.16	-0.05(-0.05)	2.21(442)
70	-0.01	-0.01(-0.01)	0.0(777)
80	0.26	-0.02(-0.02)	0.28(552)
80	0.02	-0.02(-0.02)	0.04(757)
80	1.89	-0.04(-0.04)	1.92(385)
80	-0.02	-0.03(-0.03)	0.0(792)
90	0.26	-0.02(-0.02)	0.28(565)
90	0.02	-0.02(-0.02)	0.04(709)
90	2.83	-0.04(-0.04)	2.87(573)
90	-0.01	-0.02(-0.02)	0.0(771)
100	0.22	-0.02(-0.02)	0.24(487)
100	0.01	-0.02(-0.02)	0.03(643)
100	1.95	-0.06(-0.06)	2.01(402)
100	-0.02	-0.03(-0.03)	0.0(708)
110	0.28	-0.02(-0.02)	0.29(585)
110	1.93	-0.08(-0.08)	2.01(403)
110	0.02	-0.02(-0.02)	0.04(812)
110	-0.02	-0.02(-0.02)	0.0(848)
120	0.31	-0.01(-0.01)	0.32(644)
120	2.63	-0.04(-0.04)	2.67(534)
120	0.05	0.0(0.0)	0.05(986)
120	0.0	-0.0(-0.0)	0.01(1043)
130	0.26	-0.01(-0.01)	0.27(532)
130	1.94	-0.08(-0.08)	2.02(403)
130	-0.01	-0.01(-0.01)	0.0(802)
130	0.02	-0.01(-0.01)	0.04(757)
140	0.22	-0.04(-0.04)	0.26(513)
140	2.07	-0.08(-0.08)	2.15(430)
140	-0.03	-0.04(-0.04)	0.0(781)
140	0.0	-0.04(-0.04)	0.04(744)
150	0.24	-0.04(-0.04)	0.27(548)
150	2.5	-0.05(-0.05)	2.55(509)
150	-0.03	-0.03(-0.03)	0.0(838)
150	0.01	-0.03(-0.03)	0.04(808)
160	0.25	-0.03(-0.03)	0.28(557)
160	2.07	-0.05(-0.05)	2.13(425)
160	-0.02	-0.03(-0.03)	0.0(848)
160	0.02	-0.02(-0.02)	0.04(814)
170	0.14	-0.05(-0.05)	0.19(372)
170	1.7	-0.09(-0.09)	1.79(358)
170	-0.05	-0.05(-0.05)	0.0(614)
170	-0.03	-0.05(-0.05)	0.03(553)
180	0.23	-0.01(-0.01)	0.24(486)
180	1.65	-0.08(-0.08)	1.72(345)
180	-0.02	-0.02(-0.02)	0.0(803)
180	0.02	-0.01(-0.01)	0.04(751)
190	0.13	-0.09(-0.09)	0.22(446)
190	1.63	-0.09(-0.09)	1.72(344)
190	-0.09	-0.1(-0.1)	0.0(700)
190	-0.06	-0.1(-0.1)	0.03(659)
200	0.14	-0.1(-0.1)	0.24(480)
200	2.25	-0.09(-0.09)	2.34(468)
200	-0.08	-0.08(-0.08)	0.0(835)
200	-0.04	-0.08(-0.08)	0.04(782)
210	0.11	-0.05(-0.05)	0.16(324)
210	1.05	-0.14(-0.14)	1.18(236)
210	-0.05	-0.05(-0.05)	0.0(586)
210	-0.02	-0.05(-0.05)	0.03(534)
220	0.19	-0.04(-0.04)	0.23(456)
220	1.29	-0.09(-0.09)	1.39(278)
220	-0.04	-0.04(-0.04)	0.0(785)
220	-0.0	-0.04(-0.04)	0.04(746)
230	0.24	-0.01(-0.01)	0.26(515)
230	1.42	-0.06(-0.06)	1.48(296)
230	-0.01	-0.01(-0.01)	0.0(862)
230	0.02	-0.01(-0.01)	0.04(775)
240	0.13	-0.06(-0.06)	0.19(387)
240	0.64	-0.13(-0.13)	0.77(154)
240	-0.08	-0.08(-0.08)	0.0(609)
240	-0.04	-0.07(-0.07)	0.03(557)
250	0.17	-0.06(-0.06)	0.23(469)
250	1.01	-0.1(-0.1)	1.11(222)
250	-0.06	-0.06(-0.06)	0.0(749)
250	-0.03	-0.06(-0.06)	0.03(697)
260	0.82	-0.11(-0.11)	0.93(186)
260	0.21	-0.04(-0.04)	0.25(502)
260	-0.02	-0.03(-0.03)	0.0(846)
260	0.02	-0.02(-0.02)	0.04(802)
270	0.88	-0.15(-0.15)	1.03(206)
270	0.12	-0.08(-0.08)	0.2(395)
270	-0.07	-0.07(-0.07)	0.0(712)
270	-0.03	-0.06(-0.06)	0.03(637)
280	0.82	-0.11(-0.11)	0.93(186)
280	0.19	-0.03(-0.03)	0.22(447)
280	-0.02	-0.03(-0.03)	0.0(780)
280	0.01	-0.03(-0.03)	0.04(723)
290	0.66	-0.13(-0.13)	0.79(158)
290	0.04	-0.11(-0.11)	0.16(317)
290	-0.09	-0.09(-0.09)	0.0(687)
290	-0.07	-0.1(-0.1)	0.03(604)
300	0.54	-0.13(-0.13)	0.67(134)
300	0.08	-0.08(-0.08)	0.16(325)
300	-0.05	-0.05(-0.05)	0.0(775)
300	-0.01	-0.05(-0.05)	0.03(689)
310	0.25	-0.17(-0.17)	0.42(84.6)
310	-0.02	-0.14(-0.14)	0.12(245)
310	-0.12	-0.12(-0.12)	0.0(510)
310	-0.09	-0.11(-0.11)	0.02(452)
320	0.33	-0.17(-0.17)	0.5(99.5)
320	0.0	-0.14(-0.14)	0.14(283)
320	-0.11	-0.11(-0.11)	0.0(633)
320	-0.09	-0.12(-0.12)	0.03(556)
330	0.55	-0.12(-0.12)	0.67(134)
330	0.05	-0.1(-0.1)	0.15(302)
330	-0.08	-0.08(-0.08)	0.0(654)
330	-0.05	-0.08(-0.08)	0.03(574)
340	0.2	-0.18(-0.18)	0.38(75.8)
340	-0.02	-0.15(-0.15)	0.13(259)
340	-0.12	-0.12(-0.12)	0.0(647)
340	-0.08	-0.11(-0.11)	0.03(569)
350	0.06	-0.19(-0.19)	0.25(50.3)
350	-0.06	-0.18(-0.18)	0.12(233)
350	-0.14	-0.14(-0.14)	0.0(590)
350	-0.12	-0.15(-0.15)	0.03(507)
360	0.03	-0.2(-0.2)	0.23(45.7)
360	-0.07	-0.17(-0.17)	0.11(211)
360	-0.14	-0.14(-0.14)	0.0(654)
360	-0.12	-0.15(-0.15)	0.03(551)
370	-0.0	-0.19(-0.19)	0.19(37.4)
370	-0.09	-0.18(-0.18)	0.09(172)
370	-0.13	-0.13(-0.13)	0.0(593)
370	-0.11	-0.13(-0.13)	0.02(486)
380	-0.1	-0.22(-0.22)	0.12(24.0)
380	-0.2	-0.26(-0.26)	0.06(118)
380	-0.2	-0.2(-0.2)	0.0(460)
380	-0.18	-0.2(-0.2)	0.02(369)
390	-0.04	-0.22(-0.22)	0.17(34.6)
390	-0.13	-0.22(-0.22)	0.09(177)
390	-0.16	-0.16(-0.16)	0.0(704)
390	-0.14	-0.17(-0.17)	0.03(563)
400	0.02	-0.11(-0.11)	0.13(25.0)
400	-0.05	-0.12(-0.12)	0.06(129)
400	-0.09	-0.09(-0.09)	0.0(516)
400	-0.07	-0.09(-0.09)	0.02(412)
